 , , M, , , , 

vowel	stress	word	F1	F2	F3	B1	B2	B3	t	beg	end	dur	cd	fm	fp	fv	ps	fs	style	glide	F1@20%	F2@20%	F1@35%	F2@35%	F1@50%	F2@50%	F1@65%	F2@65%	F1@80%	F2@80%	pPhone	fPhone	allPhones	index	nFormants	poles	bandwidths
OW	1	SO	479.6	1362.3	1597.9	59.1	199.7	1319.4	16.636	16.62	16.75	0.13	63	0	0	0	3	0			494.9	1301.1	493.4	1226.5	489.3	1187.5	482.3	1171.2	466.9	1204.3	S		['S', 'OW1']	1	6	[933.397220472065, 2697.571578580223],[508.02878456336236, 1415.9629768406455, 2736.848205608203, 4092.145262935593],[493.10182266954945, 1395.6743401601018, 2653.743584184725, 3730.6410523478635],[479.6265547043759, 1362.3388828578695, 1597.902742252523, 2678.82038457382, 3741.1802379027954]	[823.5175778720912, 1211.0242405277781],[166.42447989290451, 299.7108498443552, 224.6337207612895, 531.8873765082473],[88.78362771211712, 121.54138204085827, 135.72092475568306, 405.57114448206784],[59.11813549507754, 199.74137089940822, 1319.377723195106, 114.71991870922925, 282.8414503867273]	removed	unallowed
AH	0	THE	443.3	1668.0	2668.6	145.3	216.6	260.7	16.82	16.81	16.841	0.031	6	0	0	0	3	0			443.3	1668.0	443.3	1668.0	438.8	1685.3	428.3	1705.6	428.3	1705.6	DH		['DH', 'AH0']	1	5	[458.08426391061477, 2081.842409233428, 3818.42826550138],[434.8053958920136, 1709.4842005002522, 2802.448899717771, 4107.677217133813],[443.3042472817973, 1667.9971587288396, 2668.629295446662, 3860.5776068001055],[423.1521843370024, 1582.4883787679003, 1849.7963362968421, 2764.1907393803726, 3898.5155601350934]	[550.5275689736196, 772.8428683208691, 1031.8613367142889],[171.7773034711472, 405.9203470893234, 602.6956272918932, 497.1211614451204],[145.27302896587454, 216.58035545044848, 260.73035153070504, 282.28407133512553],[104.99008375682814, 603.9901844998067, 1122.020995322898, 264.4458657897926, 148.379646791539]	removed	unallowed
EH	1	NEXT	690.3	1955.7	2741.6	206.7	158.8	171.6	16.997	16.97	17.05	0.08	2	1	6	1	4	3			656.1	1913.5	692.9	1959.7	713.5	2007.5	690.3	2054.2	636.7	2089.2	N	K	['N', 'EH1', 'K', 'S', 'T']	1	5	[762.5750829595681, 2329.5949689512454, 3734.720829972625],[661.0286909396417, 2017.1468694795446, 2848.7369999166963, 4057.2699190192925],[690.3498275061501, 1955.719171366364, 2741.58597652609, 3828.658428160704],[629.3417675177757, 1451.5012431933717, 2006.3418586705209, 2793.834334373305, 3849.381967999001]	[951.2021476283236, 531.7776270693045, 983.1816275825284],[263.3776134008328, 345.63480321782396, 499.61399853742034, 487.2511717396867],[206.74838756184502, 158.81477674419145, 171.63637586925674, 214.27583966527004],[183.8526300713997, 1204.3938359663323, 263.164171636548, 151.8310569853649, 122.88446794278201]	removed	unallowed
AY	1	ITEM	736.4	1481.4	2736.4	129.1	174.2	263.4	17.28	17.2	17.361	0.161	47	1	4	1	0	1		m	657.9	1397.8	683.1	1433.7	737.1	1484.2	704.5	1524.8	615.9	1550.8		T	['AY1', 'T', 'AH0', 'M']	0	5	[1080.6651105463823, 2249.447724844381],[836.0257833216236, 1466.852214918445, 3073.1160858509475],[736.4088374411364, 1481.4390145462266, 2736.422529028391, 3569.799254247002],[746.1710697422211, 1378.5163872180442, 2416.6055291416847, 3347.9154795045483]	[872.1373055388451, 1138.1005635790318],[754.1983288797824, 470.89706174218486, 508.8788486370979],[129.05465048070232, 174.22512731725564, 263.4276918076614, 72.31538303111171],[314.640960141589, 1059.1825816135724, 202.1479550595167, 555.6688718784562]	removed	unallowed
AH	0	ITEM	473.9	1772.8	2692.9	126.5	356.9	142.5	17.423	17.41	17.45	0.04	6	4	1	2	3	0			472.8	1770.9	474.8	1774.5	478.2	1778.9	478.0	1765.0	477.3	1757.9	T	M	['AY1', 'T', 'AH0', 'M']	2	4	[512.2114459660585, 2426.546974090733, 2975.4296462690268],[473.8515919769516, 1772.764787845694, 2692.8787089628236, 3867.665897013669],[464.307887467024, 1698.5323818171682, 2413.0843764771726, 2707.6475667710197, 3976.0169243932546],[466.12813109464383, 1636.427251713266, 2350.587971172147, 2719.4499291678567, 3964.0010279408116]	[645.2093576151533, 947.0584933543812, 1399.4565443503207],[126.4838211779852, 356.8969327934457, 142.50871685797156, 608.3737760421361],[95.82665464658665, 443.8627639922711, 1893.593204664597, 187.10760832913468, 481.03906915452114],[98.09062842955642, 568.1564737729398, 894.2489918748456, 265.70457128214014, 429.2689470201959]	removed	unallowed
IH	1	IS	469.2	1981.3	2753.4	68.0	264.5	80.0	17.661	17.581	17.82	0.239	1	3	4	2	0	0			469.0	1960.7	468.1	1978.1	461.6	1959.4	428.0	1850.7	408.6	1819.8		Z	['IH1', 'Z']	0	5	[507.29321984476746, 2622.8268817872536, 3674.9820959031695],[473.0220590776995, 2077.1461230791265, 2781.197276997792, 3921.786877657424],[469.2098259646042, 1981.258614277548, 2753.4374057399946, 3838.834547880074],[466.5053235089242, 1682.7067824157782, 2396.0764988401484, 2792.2449475619155, 3842.7333505417187]	[447.8070432330718, 217.5940169728707, 720.3138240959556],[112.32451013670247, 439.40845210517233, 133.65654507641872, 183.2905730329976],[68.00049947618453, 264.5335350359047, 79.9983622573936, 184.40147288054902],[62.70595848439078, 1247.3047340901649, 661.4032564730405, 878.6407229044255, 155.08076687852363]
AH	1	ONE	556.4	1344.2	2408.4	106.3	356.8	1053.5	18.84	18.81	18.901	0.091	6	4	4	2	9	0			564.1	1234.0	553.4	1355.8	530.8	1398.5	519.6	1430.5	514.9	1503.5	W	N	['HH', 'W', 'AH1', 'N']	2	6	[734.2406117705392, 2809.000096273058, 3661.7425719787307],[786.4841951350043, 2530.0139723247967, 3347.6972238067065],[588.9954964840991, 1516.5939372398425, 2778.9537462449925, 3591.77523823224],[556.4188252373278, 1344.2259794552592, 2408.4181520685397, 2827.0165255217626, 3643.4379089311074]	[497.6134864197114, 558.968082040743, 1189.1287493698328],[772.5540393351953, 1576.5351796509262, 791.546014675925],[182.94423136789183, 505.5301892235713, 165.60551247133677, 271.50031833156646],[106.28820394846754, 356.75017559678645, 1053.4916663076585, 239.62712648211334, 227.78948088100603]	removed	unallowed
IH	1	FIFTY	422.8	1975.9	2762.1	128.5	156.6	534.4	20.078	20.051	20.132	0.081	1	3	2	1	1	4			422.7	2019.8	429.8	2050.3	427.2	2066.6	434.1	2080.8	427.4	2093.3	F	F	['F', 'IH1', 'F', 'T', 'IY0']	1	5	[2152.172562828086],[429.6512688988439, 2048.4389842708747, 3144.562234942292, 4568.7345435214875],[422.8026748817606, 1975.9162913265939, 2762.120650239393, 3809.7014804529263],[399.3251369360373, 1208.7759877304618, 2008.7181724251018, 2761.7531914266333, 3670.620801403616, 4671.2756778138855]	[592.7706878976991],[280.742302475069, 177.34681849709625, 583.6460789421253, 1013.854335405659],[128.51090984833857, 156.61241784215014, 534.4161082772258, 615.400389026436],[82.35445778600142, 711.7838791235278, 68.84820280898288, 140.68730039981156, 151.99021329853326, 218.2950759883257]
IY	0	FIFTY	323.7	2485.1	3086.8	84.4	262.6	1538.3	20.304	20.271	20.371	0.1	12	0	0	0	3	0			315.2	2380.8	325.0	2496.7	328.0	2570.7	322.9	2599.0	300.0	2552.2	T		['F', 'IH1', 'F', 'T', 'IY0']	4	4	[313.5230150923118, 2616.3884309886785, 4165.460268737392],[323.7142145951521, 2485.1259165338975, 3086.7623921717523, 4217.993138586109],[342.5813250639588, 1833.8129973103707, 2984.2738985934034, 3918.20989035518],[308.9346762017814, 940.4195975363727, 2471.9943660205363, 3195.7196825227206, 3990.21320457174]	[291.9321464861935, 185.18685470234038, 287.9556743346686],[84.35937895425299, 262.62176570444467, 1538.3039989397082, 275.18813702973546],[289.99488354662645, 1165.3646255035922, 440.6563447599822, 230.75184618164806],[96.0285097299932, 747.1556550594476, 76.0468639824485, 318.2631858894102, 925.7729621411111]
UW	1	TWO	481.8	1960.2	2762.7	354.4	292.4	455.0	20.524	20.511	20.811	0.3	73	0	0	0	3	0			381.1	1771.5	335.9	1790.3	319.1	1662.8	331.7	1484.7	358.9	1221.2	T		['T', 'UW1']	1	5	[1455.3443386295157, 3210.1465572206107],[1104.7416116235574, 2535.226669735127],[481.7936064404677, 1960.1980845530209, 2762.684622581412, 3748.9803040115953],[488.47204912326407, 1740.3171768487969, 2502.373877075698, 3339.9324190776324]	[350.1341165408449, 547.4536731718955],[413.9960754880062, 1371.8766662103849],[354.4153867184573, 292.44455159732587, 455.0085528025269, 364.1309971145014],[447.8803234683774, 407.1287875357723, 1087.9073241573672, 394.20338885201454]
IH	1	WHICH	436.5	2554.0	3943.4	194.2	357.1	2468.3	21.586	21.576	21.607	0.031	1	2	5	1	9	0			436.5	2554.0	436.5	2554.0	429.8	2572.0	414.6	2595.8	414.6	2595.8	W	CH	['HH', 'W', 'IH1', 'CH']	2	3	[436.47648387125736, 2554.019051714068, 3943.417970495355],[418.4191580018659, 1984.4182296278916, 2711.165109883548],[407.6258905163829, 1481.1168775488695, 2526.28903964826, 3242.968100476378],[410.9368504699043, 1513.4518962371326, 2285.6223064711735, 3022.0339772507305, 3776.400813475998]	[194.1676092693902, 357.12926616893185, 2468.274171024969],[82.6320078079089, 850.7552443149881, 360.1534593234839],[33.61695594266808, 584.4748936940247, 250.2691761051879, 598.2095839411912],[39.22687073364838, 684.987138392801, 966.3975439386055, 528.9432816898616, 928.810039148329]
IH	1	IS	423.5	1907.0	2864.3	87.5	188.0	207.8	21.737	21.707	21.797	0.09	1	3	4	2	0	0			419.5	1927.7	423.4	1905.2	416.6	1892.7	407.6	1855.8	403.6	1812.1		Z	['IH1', 'Z']	0	5	[423.8091006608445, 2431.072516533607, 3347.4912497908877],[417.2065582121372, 1940.675058303003, 2966.3592970172995, 3944.489607483888],[423.45137737606836, 1907.02168095654, 2864.323050783868, 3645.5920376350464],[407.9108677529192, 1099.4518225217832, 1946.8112274998462, 2870.1637912478636, 3625.0978934456566]	[466.71661211947884, 730.6606837197194, 728.2169068841879],[88.16214149321078, 296.78803259474387, 331.442664989261, 719.6409846707246],[87.47009154544374, 187.95723711559927, 207.79091755599083, 423.70237533768324],[65.72190498683887, 1232.5777731983742, 175.9047790246363, 148.76758831177463, 317.3574516772095]
AE	1	VALUE	693.0	1576.4	3356.6	108.4	55.9	116.3	22.259	22.226	22.326	0.1	39	5	4	2	1	1			620.4	1594.8	704.0	1576.6	778.8	1568.3	813.4	1535.2	810.0	1487.2	V	L	['V', 'AE1', 'L', 'Y', 'UW0']	1	4	[648.1128422131201, 1529.0046540594453, 3428.115622930846],[693.0020209046348, 1576.398842638644, 3356.6131554188114, 3831.3772249801987],[688.8023957648854, 1566.6865657900664, 3204.0984258560175, 3441.440832937589],[681.56773951995, 1487.0675604705136, 2109.9859201101704, 3277.3736743041, 3516.673701233983]	[1362.892027865849, 375.3632505196429, 101.50058166591536],[108.35300044007566, 55.93468370622355, 116.33669487153456, 1023.4195517534183],[68.81877496404853, 34.20786636481105, 450.4332045353382, 393.36014900181596],[65.85945972511433, 522.8551971223129, 1090.5419165503508, 402.1906865889614, 296.04184294120614]	removed	unallowed
UW	0	VALUE	373.9	1632.8	2576.2	40.6	167.1	66.7	22.557	22.537	22.596	0.059	72	0	0	0	9	0			366.1	1631.6	374.3	1633.3	374.2	1644.5	385.2	1664.5	402.8	1735.9	Y		['V', 'AE1', 'L', 'Y', 'UW0']	4	6	[383.6277971561234, 2465.8749189110395, 4012.251733250957],[371.15376608099314, 1915.403155086136, 2646.4428374998392, 4149.829768919903],[363.91523478750037, 1591.5588522573482, 2586.2834521019818, 3850.427270441616],[373.85320480169236, 1632.8196584643883, 2576.205945292373, 3689.2979170697286, 4145.490782140823]	[157.29010253861384, 320.97153369467304, 1009.0076043763967],[78.8790524765383, 921.8200510528374, 320.2237970998623, 380.7678389496884],[25.796157154469253, 309.6897297002391, 111.10617807574887, 436.17524780530584],[40.60106096389008, 167.080914099931, 66.65697464929097, 575.0611829650043, 997.5736789404284]
EH	1	EGGS	534.0	1901.8	3046.0	52.9	140.8	674.9	22.673	22.596	22.827	0.231	2	1	6	2	0	3			499.2	1776.3	534.9	1905.1	533.6	1900.2	523.6	1900.0	499.3	1919.2		G	['EH1', 'G', 'Z']	0	5	[544.4628695235883, 2182.618401564306, 3569.8834895891823],[540.7990139698709, 1980.8793712628376, 3520.0886493350176],[534.041096202833, 1901.8211275142403, 3046.041584500292, 3559.4865019651547],[537.1450693370681, 1868.8059229195494, 2386.6092134784303, 3414.1094664417815, 3576.7320977241766]	[951.3880658896326, 1619.9060582561383, 148.5021310949511],[99.4745254516121, 201.91352530036937, 65.95994644040482],[52.915896876759746, 140.75256893888593, 674.8627609262254, 58.483966904362745],[48.083690281868684, 178.26028811543583, 911.2645062294215, 549.0933898889748, 113.53410354916265]	removed	unallowed
AH	0	A	521.5	1338.9	2351.7	81.0	301.6	908.0	23.784	23.754	23.844	0.09	6	0	0	0	0	0			561.4	1456.9	519.2	1330.8	459.1	1340.3	402.9	1300.1	610.6	1703.8			['AH0']	0	6	[624.2299467928767, 2852.0856080219733],[613.9212780175523, 1945.395459717481, 3289.9102419437195],[523.5121226207116, 1428.5527438791487, 2575.505023354368, 3551.190155885907],[521.4634065170771, 1338.8863058155648, 2351.7216646362067, 3290.865294845939, 4366.069789728422]	[454.4859563047774, 1383.810184892559],[275.7726895984501, 1015.7899177695406, 830.3404214950207],[88.80120811935362, 465.36642810555924, 574.2916267153652, 509.734076681327],[80.9579376451735, 301.57163459379336, 907.9565905231321, 300.79375807350567, 484.4877326191331]	removed	unallowed
IH	2	FIFTEEN	390.8	2020.5	2703.9	56.6	426.6	179.4	23.983	23.953	24.043	0.09	1	3	2	1	1	4			405.9	1985.4	390.0	2024.9	382.1	2090.0	383.4	2097.2	395.0	2083.7	F	F	['F', 'IH2', 'F', 'T', 'IY1', 'N']	1	5	[326.6176397973309, 2639.030671357186],[397.7759354856321, 2288.8466584716607, 2860.3030473367894],[390.83847719556246, 2020.4616205035752, 2703.871724307421, 3589.710119211],[385.0458570716978, 1241.7878311739455, 2101.1139401560413, 2717.990880166719, 3544.937310603951]	[679.411683412174, 201.3212963474283],[116.17001495784363, 465.5580687825732, 379.8081685711335],[56.56913903242625, 426.6296779994939, 179.35137573397887, 931.965887676057],[46.21519298686127, 1398.564102236117, 280.3241748576603, 102.57449499212977, 458.7792435702375]
IY	1	FIFTEEN	450.0	2409.6	2886.0	167.5	341.1	338.7	24.27	24.223	24.363	0.14	11	4	4	2	3	0			417.8	2338.9	450.0	2419.2	437.0	2474.6	425.6	2489.4	423.4	2449.1	T	N	['F', 'IH2', 'F', 'T', 'IY1', 'N']	4	4	[636.9303439673812],[449.98436000389387, 2409.6316224541943, 2885.9620851741365],[538.0122039121835, 2438.9268766806094, 2950.9566364802636, 4408.185739027314],[385.9443807034121, 1018.2520839671016, 2418.711968366007, 2909.654507080363, 3710.740150623214, 4485.140085659247]	[961.5177000705175],[167.48035933552546, 341.05279470562937, 338.733995726047],[339.334588067287, 145.89753148078887, 167.75506807542038, 387.5241099836847],[118.9514304278893, 352.43733770304027, 59.522060688684235, 88.38384189785671, 823.19848848752, 317.6870305166069]
AE	1	PACK	670.9	1672.6	3080.6	68.8	134.1	215.7	24.564	24.494	24.703	0.209	3	1	6	1	1	0			647.3	1645.2	672.1	1666.7	683.2	1630.1	669.7	1658.6	612.4	1790.4	P	K	['P', 'AE1', 'K']	1	5	[835.7624911213657, 1848.7079849752474, 3249.626158793128],[670.4948107796095, 1689.9494837416305, 3135.288212389195, 4117.24373600689],[670.9490645251119, 1672.5917616292, 3080.5553222259773, 3489.5176548475256],[657.6503376923164, 1375.2012543151316, 1738.4115519198845, 3080.4205177396093, 3577.2137570170917]	[606.4449988022135, 2395.6596010164208, 355.5946959871324],[85.9916731292001, 197.3921156454146, 141.80129094487512, 1051.7941135007989],[68.7986113363807, 134.12086524872086, 215.74806759493046, 596.4015663016991],[63.568238404140715, 1229.8755569318564, 417.07162937554824, 140.20062115907197, 398.7761463025893]	removed	unallowed
AY	1	TIMES	772.3	1433.2	2060.4	194.3	97.8	513.9	26.711	26.68	26.821	0.141	41	4	1	2	3	3		s	771.0	1439.7	753.3	1379.6	770.3	1382.0	730.3	1420.1	645.9	1532.2	T	M	['T', 'AY1', 'M', 'Z']	1	6	[1199.4460726347904, 3611.1775534673784],[860.149958131109, 1486.6642811772417, 3329.433830370391, 3596.567189339262],[859.4586489611855, 1491.6616368603275, 3211.4392771980465, 3386.741063747991],[772.2518723318774, 1433.2486383809953, 2060.3836640894738, 3351.006045726521, 3659.3533915337994]	[1054.9248255578084, 941.9339641182384],[371.6151098226369, 295.5543359241113, 115.78472450751899, 973.7618492810595],[319.7032729452247, 226.71789873044253, 986.9532764489705, 459.57888709629225],[194.33260314432525, 97.80015310418852, 513.908625680882, 111.60001930765691, 213.97800015112304]	removed	unallowed
EH	1	TEN	639.8	1953.5	2862.7	131.5	205.7	211.7	27.357	27.31	27.45	0.14	2	4	4	2	3	0			561.6	1998.7	639.5	1954.9	610.5	1951.1	586.1	1942.4	560.5	1935.3	T	N	['T', 'EH1', 'N']	1	5	[670.5689986272731, 2462.6031704153665, 3739.458137808777],[608.1670140620492, 2023.448660334064, 3081.9881156226356, 4008.5403764524776],[639.7651071022551, 1953.4802492304827, 2862.650154517772, 3808.2585217606893],[601.2129944254451, 1107.495991917368, 1997.7241620884065, 2890.5668717165104, 3818.3371657759812]	[488.24733284139586, 659.045230661718, 758.8622661280631],[148.3329683557916, 472.04741900946465, 576.4573701994066, 805.2029630748416],[131.52663269435604, 205.65258732443482, 211.7068224626368, 207.57345992834198],[157.5691976264272, 1718.8833474193418, 204.68800962218273, 157.8674337926828, 140.80225846381308]	removed	unallowed
IH	1	WHICH	412.5	1850.7	2646.7	59.7	850.2	123.4	28.54	28.523	28.573	0.05	1	2	5	1	9	0			416.3	1794.8	412.5	1850.7	405.5	1937.5	384.6	1994.6	347.1	2082.8	W	CH	['W', 'IH1', 'CH']	1	4	[428.6136313219793, 2581.945597284557],[412.5211679338696, 1850.6848364757666, 2646.687272786955, 4249.223139748407],[405.0850445624677, 1569.174867452226, 2613.1075108684927, 3256.4722604080016, 4369.146326502198],[402.6497451799727, 1395.5906150013793, 2084.5658780734548, 2632.426986586919, 3719.846438866323]	[151.1721022047857, 169.62366047389557],[59.69545696229034, 850.1976785776402, 123.35037619013654, 595.930147575462],[23.18400560342965, 434.06052245047243, 98.01608525417714, 1348.123391808117, 753.2688554763444],[16.7060120896742, 492.8460337667998, 1170.2953388868418, 89.59994935437578, 733.6474282227206]
AE	1	AT	439.5	1713.3	2777.6	58.4	182.1	219.9	28.643	28.623	28.682	0.059	3	1	4	1	0	0			433.1	1695.1	440.2	1712.7	442.9	1685.6	437.5	1619.4	417.0	1539.3		T	['AE1', 'T']	0	5	[470.3018836199771, 2350.7443029343267, 3841.9687679379526],[448.30298457684677, 1829.2224875699153, 2935.0811913540224, 4121.7521331666285],[439.5382524956893, 1713.2789983620778, 2777.6442770794133, 3940.4477425010646],[430.56365037658696, 1298.0250513249264, 1782.1450416305586, 2789.415322355802, 3784.521044781211, 4451.244449057841]	[612.1238627261689, 830.3144985076596, 846.2524911102806],[142.74228923366553, 367.9196978771683, 378.4889574070897, 298.2497122317575],[58.4048472125146, 182.1099897311816, 219.91425293668257, 348.32183721009824],[44.71560134124277, 1013.9785798667928, 208.68761912710954, 105.38444181664187, 214.25696461944, 445.3129802735559]	removed	unallowed
AH	0	THE	418.6	1557.7	3149.0	138.1	410.6	583.7	28.766	28.753	28.792	0.039	6	0	0	0	3	0			422.0	1544.1	415.2	1575.4	398.3	1702.9	370.9	1843.6	362.3	1880.0	DH		['DH', 'AH0']	1	4	[450.58806989642517, 1868.123412190072, 3477.6994098005175],[418.56081658979156, 1557.6507963399056, 3148.9892828360817],[404.9587506337082, 1396.6386229089899, 2593.744843830833, 3490.8315277225897, 3918.245193351746],[410.65678649412536, 1384.9371912601043, 2252.610817257121, 3145.147964016432, 3692.508250883918]	[419.96514782384975, 1124.06703839729, 210.482411148011],[138.09349495904678, 410.5704769887176, 583.6678136123862],[54.118945644172626, 223.52036733545742, 694.9922380020388, 269.5055142442935, 1443.7026512495688],[64.04202434062998, 536.4153800765336, 908.7442722211443, 281.06510196023174, 574.2462420824412]
AY	1	PRICE	763.5	1380.5	2541.4	111.7	89.5	321.8	28.934	28.922	29.032	0.11	47	3	4	1	8	0			758.5	1391.8	740.6	1432.4	686.8	1520.7	633.8	1623.2	589.6	1731.4	R	S	['P', 'R', 'AY1', 'S']	2	5	[1187.3314236514695, 2602.136920561275],[815.1818676437412, 1421.6690390414938, 2628.008148406139, 3981.8179135302116],[763.5286270624324, 1380.4623428380035, 2541.37589067291, 2980.1343810688904, 4100.400068638302],[727.7966581545803, 1327.9411862829072, 1509.8014754823103, 2559.8750510675386, 3335.565039538496, 4279.269062280535]	[321.41931265099777, 1946.4904855001578],[254.1206629365922, 195.6098482978957, 213.75599993390614, 578.8116056078889],[111.68181284664848, 89.49368882934498, 321.8229974280263, 1339.5922279281535, 658.559590343891],[97.65300873195272, 277.62494814439646, 482.6296807174568, 94.30975185253821, 255.88632727055264, 168.3368084613315]	removed	unallowed
AH	0	OF	478.8	1292.8	2575.0	157.8	265.2	1681.7	29.152	29.142	29.172	0.03	6	3	2	2	0	0			478.8	1292.8	478.8	1292.8	479.3	1257.9	482.0	1231.9	482.0	1231.9		V	['AH0', 'V']	0	6	[644.407156636072, 2760.0351795672327, 3295.3401849153393],[630.3414136316075, 1685.0985436292574, 3041.6720062984054],[492.72600031033085, 1338.8618681109656, 2728.802352447204, 3548.46137440435],[478.8478679607426, 1292.8135257542476, 2574.976936840473, 2745.2321212962247, 3608.260099365228]	[522.421953544984, 884.348674817257, 1586.5407077974728],[658.5917347737817, 932.6036325744092, 465.3080674397983],[203.78167929998202, 324.2451990966436, 134.21821271620692, 340.3671003073801],[157.81397307560607, 265.2419497104738, 1681.6839172564557, 179.4964563055524, 299.70160792927345]	removed	unallowed
AH	1	ONE	653.2	1299.9	2666.7	85.1	163.4	407.9	29.419	29.402	29.452	0.05	6	4	4	2	9	0			653.2	1242.7	653.2	1299.9	645.7	1386.1	630.1	1447.8	608.4	1485.8	W	N	['W', 'AH1', 'N']	1	5	[897.0247991454956, 2560.8634099230853],[719.2319756138772, 1402.315081750185, 2881.219694830947, 4097.185294876804],[653.2314400204191, 1299.9009308596599, 2666.654122600598, 3147.856925603452],[636.6918707370476, 1249.7026113746003, 2093.662529778001, 2816.055126185172, 3378.085567858943]	[338.9908572524113, 1545.9277708446302],[248.8917913193022, 512.9871066714347, 195.74719174577743, 1159.774256176712],[85.12698763951249, 163.3743638509776, 407.92953079027114, 497.6733665647137],[52.9593477657216, 142.36335186097784, 938.5029824267284, 253.12645215264035, 511.50332814454066]	removed	unallowed
AW	1	POUND	774.4	1578.3	2855.7	128.0	205.2	239.0	29.667	29.622	29.803	0.181	42	4	4	2	1	3			756.1	1632.6	783.8	1507.2	820.6	1416.7	901.9	1553.3	870.2	1687.8	P	N	['P', 'AW1', 'N', 'D']	1	4	[1016.7701772474259, 2118.651104377682],[774.3992732393438, 1578.3141192563842, 2855.7347980498243, 4275.38938276241],[751.1518393860475, 1518.139766035561, 2755.0662249864567, 3120.1522105947593],[700.8147540502579, 1261.0209667304418, 1712.2061504975104, 2727.896236267654, 3539.2567316734057, 4557.005362481639]	[618.9611960768899, 1832.5081006849912],[127.99382455942097, 205.1919240709866, 238.98997213210887, 1189.0666340420992],[67.00012956083701, 141.11118430958814, 514.4587576587072, 1026.400872622158],[71.20431979109689, 851.0334196799278, 310.0015515251314, 240.15925200888663, 315.10452404875383, 327.17741047949545]	removed	unallowed
IH	1	FIFTY	503.8	2094.9	2897.3	204.8	111.1	52.1	29.959	29.932	30.013	0.081	1	3	2	1	1	4			503.1	2066.5	504.0	2097.3	505.7	2113.8	507.0	2096.2	494.0	2067.7	F	F	['F', 'IH1', 'F', 'T', 'IY0']	1	5	[1487.2997554939961, 3039.292035827091],[468.6630507837812, 2164.842101441516, 2955.307351243593, 4041.997172274211],[503.8393629807787, 2094.9086447982104, 2897.31289542616, 3809.250726626756],[479.49899671914085, 1559.5343389448378, 2148.3958837477544, 2906.3895576903865, 3824.3594054149526]	[998.2316988564872, 798.6251971064213],[277.5755060998731, 357.3686858430551, 190.44881177687364, 359.92646786490644],[204.8231383206955, 111.11969863983205, 52.10182280315229, 131.31027802604135],[175.41624117937045, 1659.5658551840515, 878.5475082861409, 54.796955152529335, 97.21637327457343]	removed	unallowed
IY	0	FIFTY	522.9	2423.7	3049.5	293.5	174.3	258.9	30.229	30.162	30.363	0.201	12	0	0	0	3	0			521.8	2396.8	518.8	2424.6	461.1	2443.9	391.5	1962.7	648.5	1703.0	T		['F', 'IH1', 'F', 'T', 'IY0']	4	5	[301.4413775768589, 2702.09980366274, 3658.9407897394035],[418.19888667834033, 2473.4847448902524, 3120.482871728384, 3932.5449538643657],[522.9399494827684, 2423.7102458674185, 3049.4506345491786, 3817.0839740603033],[386.3230881892745, 1037.6022353563696, 2452.1449449467923, 3075.5875876611167, 3827.176943641492]	[846.0931783753398, 292.17246671465534, 522.2995597693671],[174.47242996242093, 349.84976960291795, 558.0654516760975, 687.7778728030895],[293.4592809745087, 174.32434583537437, 258.8519856361461, 360.2240816615688],[182.07004976654218, 801.567129948527, 91.2275352958994, 127.43960674442508, 173.86583780621334]	removed	unallowed
IH	1	IS	441.8	2052.8	2817.3	135.8	116.2	1440.9	30.919	30.882	30.992	0.11	1	3	4	2	0	0			605.9	2120.3	445.4	2069.1	417.2	2064.0	391.9	2069.7	387.6	2054.5		Z	['IH1', 'Z']	0	5	[1870.3833285165247],[445.98599521555263, 2069.7074637243013, 2997.3463716219867],[441.7934901225146, 2052.7851659789903, 2817.3233144813476, 3762.609291801498],[424.4912748226879, 1367.5010228659435, 2065.9021741116444, 2857.5860060906693, 3804.0900037531396]	[929.1680188440733],[183.4109772713201, 114.55106775033572, 483.23277868251336],[135.79373456660105, 116.15588958185279, 1440.9130175026573, 1490.7948645090537],[100.38353702183234, 1217.927605864233, 94.10355345252823, 338.4224400049464, 711.01791361948]
IH	2	FIFTEEN	436.3	1886.0	2665.0	65.6	228.5	236.5	31.178	31.152	31.231	0.079	1	3	2	1	1	4			452.5	2101.2	448.4	2090.1	442.1	2074.0	431.4	2009.9	412.5	1950.4	F	F	['F', 'IH2', 'F', 'T', 'IY1', 'N']	1	5	[836.3299871885828],[449.701836634947, 2090.294779659897, 2911.1058044409847, 4472.829984157017],[436.33289941242475, 1886.0143574172096, 2665.0174599172065, 3655.2172929772896],[427.1226400199532, 1378.0800724260055, 1969.4928300471938, 2701.2801442131286, 3617.9583408730523]	[1380.1416872991085],[210.6735215544786, 375.422180578402, 472.34313180122365, 952.957169072386],[65.61595525479449, 228.46165863867526, 236.52910345706536, 528.5545216632975],[48.89762053429726, 1026.5784124243276, 213.58193630775176, 125.77151002859085, 214.86603837351416]
IY	1	FIFTEEN	378.6	2577.7	2697.6	176.3	268.5	798.5	31.421	31.371	31.521	0.15	11	4	4	2	3	0			389.2	2490.4	377.5	2586.8	375.7	2631.6	384.1	2574.6	416.2	2468.4	T	N	['F', 'IH2', 'F', 'T', 'IY1', 'N']	4	4	[306.37384152894924, 2613.081545133982, 4005.4283481255675],[378.6488636055848, 2577.70553227483, 2697.570162108536, 4295.098182498417],[410.50271760561134, 2343.8128075836407, 2780.549568881753, 4105.595522982494],[345.38380516573494, 1019.2163806565663, 2463.731676098179, 2779.6743584753126, 3712.416250623105]	[683.3290478186977, 91.24110214598787, 1250.8349885904624],[176.28719020782526, 268.47292384316256, 798.515059936935, 938.7614768598847],[285.190055297936, 543.4196228614187, 379.83367021777326, 628.3140083342153],[144.79783715300135, 676.688640687542, 141.64757933766182, 202.50407050181292, 776.3325835620091]
AW	1	POUNDS	793.5	1682.8	2851.5	224.7	195.7	276.4	31.652	31.641	31.842	0.201	42	4	4	2	1	3			749.4	1288.0	712.0	1210.4	749.5	1210.0	777.1	1134.8	598.6	1018.0	P	N	['P', 'AW1', 'N', 'Z']	1	6	[1320.4929369330414, 2691.518544154437],[798.1490159642788, 1574.8875610509772, 2893.6753302933457],[765.1121038037874, 1473.1792419058852, 2160.2985373907177, 2922.0773659202264],[793.4859674572559, 1682.8309469874075, 2851.521030714284, 3259.626777830441, 4663.503930826304]	[446.61383884816604, 915.6356984028046],[307.27669547594405, 146.3347076486151, 175.66440203704144],[249.4471000230509, 721.3828339535966, 1355.76846224884, 516.1827819520003],[224.66414133830767, 195.66707883884618, 276.4316997033952, 896.8256972573869, 334.15538227301556]	removed	unallowed
AH	0	THE	501.9	1683.8	2858.3	100.4	134.6	87.8	35.995	35.985	36.015	0.03	6	0	0	0	3	0			501.9	1683.8	501.9	1683.8	500.0	1685.1	496.2	1689.0	496.2	1689.0	DH		['DH', 'AH0']	1	4	[746.5859302426206, 2654.2831176758878],[501.92801105488905, 1683.8099898546714, 2858.3312288835405, 4020.0398889439316],[508.60510158181916, 1686.631786475044, 2845.1377618201964, 3982.233616814125],[505.3687400198411, 1675.8877666978317, 2196.2839866795007, 2858.560417776025, 3975.493622144437]	[1158.3013720419517, 1714.2183480696633],[100.44883919440012, 134.5884221387942, 87.7914409244298, 121.9339974680354],[102.24224902879061, 98.31649853513508, 63.86410099262443, 138.85646474734165],[90.61226061960151, 122.8109591017692, 1873.3526349309013, 63.20969857938975, 84.25881652485836]	removed	unallowed
EH	1	NEXT	693.4	1833.5	2847.1	90.1	82.7	72.0	36.138	36.115	36.185	0.07	2	1	6	1	4	3			681.7	1803.3	695.3	1842.0	697.7	1907.9	677.5	2054.8	633.8	2200.5	N	K	['N', 'EH1', 'K', 'S', 'T']	1	4	[1329.1771482129761, 2521.2286860540958],[693.4267902558828, 1833.5010724349759, 2847.089842859391, 4089.426243790706],[685.5751886302314, 1813.444581495223, 2817.3487650748802, 3825.7049014392546],[679.001202935721, 1799.8086645487554, 2065.3912866238475, 2839.0373658202334, 3861.8402071191413]	[1629.3386988529103, 783.7939916193199],[90.07151549586831, 82.6948292598609, 71.96799962492874, 391.1032926419258],[45.13382160598186, 51.09395916009351, 69.70852710902635, 574.330342363193],[32.80320017133257, 272.30228919936997, 1094.2880892010517, 61.32941370874132, 234.05894325254292]	removed	unallowed
AY	1	ITEM	741.5	1397.4	2720.7	58.5	99.5	287.5	36.389	36.324	36.514	0.19	47	1	4	1	0	1			732.5	1384.4	741.4	1400.8	722.6	1464.9	654.7	1612.8	556.4	1693.7		T	['AY1', 'T', 'AH0', 'M']	0	5	[1122.3517380357382, 2703.7366178838674],[798.3935042296704, 1463.5961666206554, 2854.1366494285626],[741.4573588283971, 1397.4331858693895, 2720.699571277848, 3206.105793853318],[731.146984136117, 1382.1840098834548, 1964.0138997587032, 2769.860491983014, 3400.978064052116]	[254.77540063975437, 240.30785448286616],[239.72522084557147, 325.2737662574508, 111.97391233065049],[58.54348223064397, 99.5062023910248, 287.4722835966342, 599.2037198212713],[28.464922529128838, 131.25734878320395, 1036.6283790481625, 207.8116350248129, 279.92102851546]	removed	unallowed
AH	0	ITEM	576.2	1566.8	2672.0	132.6	225.7	363.8	36.571	36.554	36.604	0.05	6	4	1	2	3	0			564.9	1589.2	576.2	1566.8	589.0	1542.0	594.1	1524.7	595.1	1525.1	T	M	['AY1', 'T', 'AH0', 'M']	2	4	[662.9352181573624, 1887.6295534410049, 3522.903216734053],[576.1742227501097, 1566.7581500142248, 2672.0358757921745, 3774.868875507618],[576.1133066138051, 1551.8859285078338, 2603.9294382503576, 3713.4104566128967],[556.2843845898035, 1497.163306855742, 1697.6265569469688, 2663.9174948480295, 3720.667558207522]	[455.59339654876777, 630.2196888215, 496.525975995723],[132.5581415394935, 225.66171618858732, 363.8465724563152, 164.37480963128218],[102.40978914546535, 143.8291257283804, 213.8480887380008, 131.5243487973667],[76.36102009319748, 567.2094603051564, 942.7836344104186, 204.9901046947202, 81.94575928666714]	removed	unallowed
IH	1	IS	456.7	2134.0	2973.5	93.9	109.5	108.8	37.654	37.431	38.1	0.669	1	3	4	2	0	0			457.8	2197.1	449.3	2145.6	439.4	2125.5	419.6	2042.7	440.2	2027.6		Z	['IH1', 'Z']	0	4	[1477.4466370699206, 3017.457115141036],[456.737711502328, 2133.988998643473, 2973.4877639641027, 3815.540663310146],[468.64130183667805, 2144.498092975201, 2972.290501880102, 3803.6854531130994],[443.3941914515038, 1389.5693623989127, 2168.9418900017554, 2980.206789233545, 3791.177199472653]	[793.296027274057, 476.6557037264978],[93.86256387585024, 109.48445319744212, 108.76927780721988, 145.43985458076065],[131.53874475635737, 84.93770868235089, 84.05270566195139, 127.92930283488347],[81.88000813303336, 1218.9879776312291, 78.29621321130833, 51.208013497830606, 79.86049474128268]
OW	1	OH	696.7	1192.6	2440.2	106.7	552.2	769.9	44.831	44.793	45.054	0.261	63	0	0	0	0	0			653.8	1050.0	653.9	1076.5	641.2	1043.2	628.7	1038.0	632.9	1068.3			['OW1']	0	5	[810.2726166036614, 1173.2168009684383, 3490.7761307577043],[737.794845209968, 1490.0614550316864, 3420.339025934088],[696.6672722316305, 1192.5573005932204, 2440.176750478187, 3609.386416004541],[675.9399583930154, 1039.7874148208064, 1740.662509225425, 2800.585780203078, 3689.46330648603]	[201.3685430997118, 1445.5990251497099, 187.58998675781768],[133.0671149418806, 937.7995207994031, 1227.3149578284244],[106.73140431191781, 552.2278911572398, 769.9217568291324, 274.97215526442443],[115.10023782974822, 370.1717474332514, 741.739215234975, 459.6026981265547, 205.6355634012205]	removed	unallowed
IY	1	SHIT	433.3	1928.4	2665.1	173.6	229.6	335.6	45.231	45.184	45.324	0.14	11	1	4	1	5	0			406.7	1919.2	434.7	1930.9	457.7	1830.5	442.7	1731.4	429.4	1715.1	SH	T	['SH', 'IY1', 'T']	1	5	[404.6934446412546, 2234.886243993313, 3495.207780964459],[422.9433966174661, 2002.6780472191201, 2885.855653467353, 3775.1506887922374],[433.2750823358362, 1928.434187860676, 2665.0875224373285, 3631.521402843249],[384.69090280013006, 1006.3813104948131, 1959.7891340137587, 2660.2396626142336, 3548.1089817078905, 4403.14792466262]	[622.050059286966, 416.1021662849113, 630.1134351813894],[188.75660402264467, 333.4247538758434, 792.506964501669, 649.9772844635934],[173.55755211805428, 229.64465223049908, 335.61509712138945, 256.09431532290745],[94.74829503045554, 535.3907894702904, 83.0816952445934, 88.78556611370999, 104.76477033265454, 355.5321705062854]
AH	0	THE	387.5	1553.8	2111.9	214.4	332.2	700.8	236.518	236.508	236.537	0.029	6	0	0	0	3	0			387.5	1553.8	387.5	1553.8	370.6	1553.0	354.9	1552.9	354.9	1552.9	DH		['DH', 'AH0']	1	6	[848.5023784363523, 2614.9478680018647],[393.32093320534295, 1738.788826292505, 2641.689469589283, 3991.197049713593],[398.64332709082305, 1655.5223804113214, 2557.7888924549793, 3483.234949629617],[387.4931270941153, 1553.8196452026928, 2111.926844701661, 2852.242312662168, 3972.59157786271]	[911.6827154763118, 601.9588349177054],[434.911319249168, 342.97855346797604, 412.6757581215835, 158.44629984558597],[313.8181362915088, 343.9664522405066, 365.1795950453893, 1217.374052864165],[214.4489090881956, 332.17690373016836, 700.7540145914763, 355.83601153622726, 94.9994375473159]
EH	1	NEXT	655.8	1832.5	2761.4	187.0	145.2	154.9	236.655	236.628	236.708	0.08	2	1	6	1	4	3			678.6	1754.5	654.4	1841.2	644.4	1936.5	651.3	1960.3	681.3	2005.2	N	K	['N', 'EH1', 'K', 'S']	1	5	[891.0245160007403, 2288.89365130396, 3890.8665928372984],[675.9313946360089, 1886.9901677058951, 2849.730258046157, 4073.63458739426],[655.8097389045402, 1832.5191322022365, 2761.438091927565, 3972.5438387756644],[620.3816417327213, 1645.2888161845688, 1865.4360233157638, 2791.969334549181, 3972.6471455373626]	[1051.515382661067, 632.7285970260308, 612.9575705591373],[451.49152033518243, 360.6674495831048, 380.8432657359824, 177.18084354243246],[186.96614878262633, 145.21197146520842, 154.92549742239189, 136.827144923659],[133.60686025716123, 1148.0449127336913, 481.8064616047574, 150.3828659989934, 104.23224075464663]	removed	unallowed
AY	1	ITEM	815.5	1427.1	2573.4	82.8	78.0	266.6	236.903	236.817	237.008	0.191	47	1	4	1	0	1		s	602.8	1369.7	765.8	1412.4	808.7	1447.2	691.1	1528.7	572.8	1666.1		T	['AY1', 'T', 'AH0', 'M']	0	5	[1217.3656039826958, 2379.5517832729397],[1015.4945041484872, 1484.74023775632, 2851.4599772984247, 3731.6780863232834],[815.5027353266519, 1427.0610169947533, 2573.3565160327767, 3213.93034658148, 4011.123461201508],[813.5859197914612, 1414.8636009021238, 2532.7824096215136, 3054.724364360107, 3704.2667414839816]	[485.93499160149486, 1475.3456869709623],[581.6668773529485, 567.9712230101857, 292.7954310656051, 462.88664099910767],[82.82137146777718, 77.97042637727846, 266.5620400490699, 178.28814372519966, 391.2579583111067],[67.97373209365418, 72.62922467809007, 1142.2733094390305, 513.9729161861604, 624.7079688799145]	removed	unallowed
AH	0	ITEM	465.1	1637.3	2534.2	144.9	119.0	198.3	237.057	237.047	237.077	0.03	6	4	1	2	3	0			465.1	1637.3	465.1	1637.3	464.7	1629.4	461.7	1618.4	461.7	1618.4	T	M	['AY1', 'T', 'AH0', 'M']	2	5	[1134.9116315636038, 2531.324666634237],[377.91386896812605, 1745.8523533652283, 2752.662013137422, 3433.862523337329],[465.08653804322853, 1637.3435168932922, 2534.1663691878557, 3132.926463975232, 3888.0187866136853],[451.42918251479847, 1643.2605122200591, 1704.2981933329772, 2606.4806000328363, 3182.7429048276313, 4031.56220601446]	[1051.2404707681578, 470.38484412464976],[1033.1693837117743, 489.91657496406873, 366.83239614583385, 420.93765717747056],[144.861902151275, 119.0106080166165, 198.34711251089672, 182.46176382190797, 631.7707610802744],[140.23702613086206, 604.6858788262889, 936.2561399016756, 137.7405858285869, 96.87555954406832, 222.3941934359627]	removed	unallowed
IH	1	IS	381.2	1859.1	2746.2	252.4	44.8	646.4	237.234	237.177	237.347	0.17	1	3	4	2	0	0			382.8	1866.0	381.1	1859.0	385.1	1864.1	385.1	1850.4	371.6	1842.0		Z	['IH1', 'Z']	0	6	[1912.9058216980886, 3077.9564813372576],[291.548171424003, 1883.4263946840174, 2837.5974304598926, 4137.576654086226],[364.95876201573554, 1864.8375348950246, 2759.2898836811214, 3964.3042628361227],[381.1768722168592, 1859.0835743552204, 2746.1985100439674, 2826.5737963518122, 3994.483692716843]	[251.39285603813482, 736.8110123318882],[615.6748639103831, 90.99630545851343, 213.30884054099886, 321.0348757475511],[225.30215749735922, 49.010516969541385, 165.91798824033515, 467.3386957845585],[252.4183772612388, 44.80913483509608, 646.3738925309583, 795.6082075360645, 262.8995503399804]
AY	1	ITEM	690.7	1485.9	2715.6	58.2	200.7	944.0	237.767	237.707	237.837	0.13	47	1	4	1	0	1		m	711.4	1097.8	661.8	1211.5	687.7	1502.5	664.9	1521.5	627.3	1538.5		T	['AY1', 'T', 'AH0', 'M']	0	6	[843.196126384933, 1658.2743834184998],[711.6815798074231, 1985.6153696445683, 3374.973796775934],[683.5958565015954, 1471.7886470575422, 2843.0619620877505, 3481.5859045863954],[690.7356465088639, 1485.8692272795024, 2715.613423681706, 3480.4736640892947]	[878.1596563163581, 1872.087642849973],[106.88188741040366, 854.1870057319632, 252.30390708515097],[60.38462007510458, 250.77233159673983, 1295.2174196919352, 77.83330310798956],[58.19850925019679, 200.67351039384886, 943.9900987852857, 63.996054700054046]	removed	unallowed
AH	0	ITEM	507.6	1579.8	2459.7	162.8	253.6	666.4	237.897	237.887	237.917	0.03	6	4	1	2	3	0			507.6	1579.8	507.6	1579.8	506.0	1553.6	502.0	1521.6	502.0	1521.6	T	M	['AY1', 'T', 'AH0', 'M']	2	5	[567.768422156059, 1828.345718823201, 3639.3424836266663],[527.0373831777232, 1656.1429192356609, 2762.291308319467, 3904.916090629439],[507.55259531031874, 1579.8448092097306, 2459.713196273735, 3578.372478487551],[478.7870170445759, 1231.7669713663868, 1701.4590232951066, 2598.629301504058, 3588.7141424891333, 4308.41429750273]	[789.247471532421, 584.1998636837839, 749.6758307837398],[266.08174886795854, 295.81699584413036, 806.3650611621879, 494.6415856312222],[162.7762472932685, 253.55818103784614, 666.3996597565707, 767.159108920684],[120.89994547123699, 747.1166488842257, 260.8005422961614, 315.08147140341964, 287.2683137741606, 487.8924565926606]	removed	unallowed
AH	1	NUMBER	499.2	1278.4	2008.5	197.5	235.6	913.8	238.078	238.068	238.097	0.029	6	4	1	2	4	4			499.2	1278.4	499.2	1278.4	499.5	1277.1	499.5	1275.6	499.5	1275.6	N	M	['N', 'AH1', 'M', 'B', 'ER0']	1	6	[936.5040310187343, 2037.546709917186],[626.7287299283578, 1374.6823769535226, 2658.791592348937, 3795.7924472908967],[540.0728068208796, 1356.2859130183363, 2419.625089862804, 3487.968475520059],[499.1826006083099, 1278.3864401581086, 2008.5128940810785, 2597.6646700362594, 3578.9529748888467]	[1154.2469579408605, 1224.3436708285697],[998.7555189176106, 714.1820673456456, 844.4058673856347, 960.8867316353961],[325.1627507120363, 280.48741023689144, 449.88715859127535, 832.0446914551072],[197.5402876854485, 235.58976337864135, 913.8326740516023, 535.8611202029966, 383.09209711977803]	removed	unallowed
ER	0	NUMBER	475.9	1400.3	1941.9	115.7	108.5	419.3	238.344	238.237	238.558	0.321	94	0	0	0	1	0			464.7	1355.8	479.9	1408.9	489.1	1418.9	498.6	1412.4	488.6	1417.2	B		['N', 'AH1', 'M', 'B', 'ER0']	4	6	[644.7737966990175, 1596.491828091935, 3123.4299535189625],[512.3981508864135, 1521.3580650211893, 2037.4528113078047, 3431.061101832818],[482.7044525796679, 1409.4367072761606, 1948.9767151518154, 3257.626369105088, 4102.7148932351465],[475.89150950830447, 1400.33415254956, 1941.855822212731, 2477.305303190043, 3343.1774268830604]	[778.3948600655675, 213.43765178842594, 715.5115121629802],[790.3139494784602, 315.3839479173349, 1049.8729287035649, 442.3494626455264],[134.79345516061744, 95.28657386669919, 179.13934460700236, 265.08427858208995, 1456.0259734827714],[115.69535316707865, 108.48671760226658, 419.2919184381841, 1178.138957476722, 603.5360941762254]	removed	unallowed
AO	1	FOUR	415.8	799.5	2163.2	147.7	145.4	691.8	239.088	239.048	239.168	0.12	64	6	4	2	1	0			472.4	904.2	409.6	792.7	401.2	783.8	427.5	824.7	462.8	886.8	F	R	['F', 'AO1', 'R']	1	6	[592.0506261204148, 3262.708990473409],[481.95414693555676, 781.2893303310158, 3205.09831855911, 3750.511368817115],[419.6312250763216, 797.9208477288188, 2341.078250067776, 3312.109708298318, 3821.625317832344],[415.76027932765726, 799.4960025777493, 2163.2000515807395, 3304.7980655957845, 3810.5490982943843]	[203.86203123912176, 432.7837804072136],[395.1975351576555, 364.39506554843314, 223.2349563943647, 138.55139872685695],[183.2809680659415, 182.04536818630112, 1133.5086547093551, 101.11538699542503, 96.49146397019891],[147.73054698087955, 145.38756268723853, 691.7660733533444, 81.25744128677852, 84.75788887170106]
AO	1	FORTY	416.8	800.4	2202.9	183.1	146.4	287.9	239.305	239.268	239.378	0.11	64	6	4	2	1	4			433.8	864.2	415.5	797.5	424.4	811.1	448.5	894.5	446.2	986.3	F	R	['F', 'AO1', 'R', 'T', 'IY0']	1	6	[600.4762725476468, 2418.5865347537497],[662.4472778365578, 2431.718186865496, 3433.671033519212],[439.1543259546787, 784.4689356336114, 2292.4768486399175, 3303.308314316864, 4186.267567262125],[416.8087577293965, 800.4249901788396, 2202.90270490014, 3159.666796378893, 3681.2666585242887]	[399.10087695850916, 1860.7808615238569],[167.91578871037788, 1136.2792460994112, 561.2368057311696],[302.9737872526081, 244.5832923760859, 372.8932989426759, 271.2147907605252, 643.7256405038071],[183.14474254054304, 146.40521317709684, 287.88942220615246, 718.6680055893862, 578.1408397968756]
IY	0	FORTY	321.0	2192.8	3469.9	135.2	253.0	68.0	239.481	239.438	239.568	0.13	12	0	0	0	3	0			322.2	2202.6	320.6	2185.5	338.0	2146.0	383.4	2074.9	418.4	1987.3	T		['F', 'AO1', 'R', 'T', 'IY0']	4	4	[2825.9961006661015, 3530.4338694685775],[320.95491640483067, 2192.758836436229, 3469.9444823815616, 3810.875344131182],[325.32832955219374, 2170.1437091257144, 3451.041624796337, 3704.156564173351],[314.5054367979043, 1287.956344280403, 2196.124802537157, 3442.438685731802, 3692.4088338366037]	[1382.401922058864, 71.64513968807827],[135.16247556794931, 252.9559849354404, 68.04138715280241, 324.18418284977406],[133.26895125355833, 181.0428155842724, 95.5134326505061, 271.3532433075505],[96.61053761346206, 1630.3344605196326, 176.83384700315813, 88.13855197954007, 221.61938585382995]
EY	1	EIGHT	513.2	1890.6	2844.3	105.2	48.3	1143.5	239.592	239.568	239.768	0.2	21	1	4	1	0	0			509.6	1871.3	470.3	1864.7	426.1	1948.1	403.3	2031.6	383.2	2010.2		T	['EY1', 'T']	0	5	[2020.2781880204532, 3438.6330725813646],[529.6601328254669, 1915.9384172915857, 3388.6495777399496, 4132.846199967218],[513.2101708056066, 1890.6386140812924, 2844.3281839683723, 3445.313485942874],[501.84148646547203, 1863.508035208195, 1992.312120878141, 3343.215780454499, 3510.250009111183]	[573.9930647310575, 121.05875340444105],[278.5890794024555, 80.43529770655495, 110.66808603285011, 1723.4124069050565],[105.18919469660365, 48.325826064925415, 1143.5441648276596, 94.57431957381993],[67.34902739278299, 420.570096149425, 509.8223541115517, 314.6997534753731, 263.4686845224192]	removed	unallowed
IH	1	WHICH	388.4	1626.5	2300.2	75.8	166.3	220.1	240.061	240.051	240.081	0.03	1	2	5	1	9	0			388.4	1626.5	388.4	1626.5	384.7	1642.7	380.6	1645.3	380.6	1645.3	W	CH	['W', 'IH1', 'CH']	1	5	[260.5757048318113, 1982.262996279028, 3891.0818077067697],[403.0335619738512, 1870.6033209147956, 2996.840942425336],[388.390406419621, 1626.4819379697196, 2300.194331252626, 3691.162083316234],[385.01029663943683, 1468.3817257570106, 1667.3517582867, 2366.956738351403, 3655.0356999891537, 4510.306726173562]	[990.977261153829, 442.67555072795227, 952.4226792242521],[409.03767187470527, 346.17929172371254, 946.1133179269217],[75.7564773179745, 166.26082092103726, 220.13343264780298, 337.0511572125773],[78.95975264847492, 1721.2631471691523, 208.63270704173974, 192.61829124450543, 174.1936304086292, 396.1197049697977]
IH	1	IS	370.2	1820.0	2348.5	101.1	74.2	972.3	240.167	240.151	240.2	0.049	1	3	4	2	0	0			369.7	1831.3	370.5	1817.1	372.3	1797.9	371.0	1773.5	367.0	1757.9		Z	['IH1', 'Z']	0	6	[1816.8872396639497, 3543.3595859878924],[344.6945874612489, 1861.7558569018126, 3514.509658379677, 4482.810699803539],[375.02101242252144, 1828.831511211353, 2657.379178150617, 3535.9324833649466, 4519.074925097691],[370.2109546239535, 1820.017063940753, 2348.5004114022067, 3469.2481312075597, 4100.4032554341275]	[172.30760192339588, 141.83300586784722],[539.3515691170402, 78.24747187181207, 86.06027620076364, 944.0998871123206],[145.7564642074858, 59.95063402261128, 1034.9970952861313, 68.92180443391463, 498.07900644393754],[101.13004459546754, 74.19549298267746, 972.2696762482688, 653.9804016151887, 1165.4032290843015]
EY	1	PLAIN	517.4	1952.4	3725.5	185.5	77.2	182.2	240.473	240.461	240.57	0.109	21	4	4	2	8	0			493.9	2024.3	464.0	2130.3	443.8	2160.8	436.7	2117.9	424.9	1998.8	L	N	['P', 'L', 'EY1', 'N']	2	4	[2201.199015469347, 3753.4396604732055],[517.3784436267867, 1952.4115131648257, 3725.477889592209],[520.6101701914076, 1927.9270434429304, 2887.2208738469776, 3778.3191709316243],[504.9010760209227, 1191.8044014578345, 1933.2298396519943, 2937.4706076542184, 3779.017530195392]	[318.85867961690434, 185.46465370004114],[185.4912896847476, 77.23017460390169, 182.1919130824177],[129.67173818140768, 54.72199182889417, 668.6175168103641, 65.05732799355025],[119.05729045773218, 2023.1523813965164, 56.10773162207176, 553.2733411005266, 58.51296023259265]	removed	unallowed
AW	1	FLOUR	680.7	1510.6	1656.4	60.5	175.9	1259.1	240.72	240.69	240.94	0.25	42	0	0	0	8	1			726.8	1491.1	720.4	1399.1	669.1	1091.6	517.1	952.0	474.3	928.9	L	ER0	['F', 'L', 'AW1', 'ER0']	2	5	[776.2190239157534, 1658.715322666728, 4194.351769852574],[692.1384374308185, 1518.8655646918642, 3165.2780743821913],[680.7108277262325, 1510.6280352738522, 1656.3509594374389, 3266.862398098291],[676.6921528667627, 1061.4378791988588, 1515.314830840664, 2318.799379917508, 3403.599611322589]	[160.18975903228417, 541.6652883438672, 1563.7297032343952],[77.35961133547107, 68.62166184502749, 1039.9115833538604],[60.50695943662868, 175.88075711079455, 1259.1488898048526, 607.3101434564946],[67.8032926214779, 1408.7232984763496, 79.34940386639013, 995.2427318991248, 363.1491087400354]	removed	unallowed
ER	0	FLOUR	513.6	1407.1	2308.0	84.2	111.8	257.3	240.973	240.94	241.04	0.1	94	0	0	0	0	0			520.8	1391.2	512.7	1408.6	485.2	1418.5	431.2	1458.5	695.5	1701.9	AW1		['F', 'L', 'AW1', 'ER0']	3	5	[638.2506293839162, 1703.3826239975065, 3332.053055571955],[553.0479975027896, 1519.0753187603093, 2567.3128384483102, 3626.340790594204],[513.5627752269731, 1407.1121930030245, 2308.0440227750705, 3432.004734661619],[508.524762580873, 1305.0753530016475, 2190.904098961216, 3114.7740821762036, 3812.375089612973]	[652.2995416744309, 587.2648577684149, 619.221240470103],[357.15970810972505, 393.1173038910975, 800.6869210620271, 509.278846857554],[84.16237047783858, 111.7989468986777, 257.3491211925478, 229.5048254654707],[467.51306460423615, 99.61669808845677, 349.55082422049134, 1096.9006572266721, 822.7059014681089]	removed	unallowed
AY	1	FIVE	754.1	1335.2	2247.5	55.9	80.3	1059.9	241.941	241.866	242.016	0.15	41	3	2	2	1	0		s	686.3	1308.7	736.7	1315.0	754.1	1335.2	739.5	1361.5	663.7	1436.4	F	V	['F', 'AY1', 'V']	1	5	[1322.340159722953, 3328.4954489937263],[1070.7106907779464, 1939.909328163453, 3416.5380342925923],[754.0522692522738, 1335.1667740287971, 2247.4681478699204, 3258.3551443761808],[754.513244898581, 1282.5287884075224, 1941.7887403279994, 2877.9542318633753]	[296.7503252444672, 501.60246509850083],[566.8568653503605, 868.0080516118985, 321.9610103384223],[55.87456495307917, 80.2669076668105, 1059.895860283899, 74.6755273845867],[56.93937382802636, 832.030544409041, 961.4760065598151, 1215.6829134396967]	removed	unallowed
AH	1	HUNDRED	474.2	1365.6	1626.3	335.7	687.6	786.1	242.113	242.096	242.146	0.05	6	4	4	2	0	4			490.3	1327.6	474.2	1365.6	440.8	1449.8	411.1	1483.7	388.3	1504.3	HH	N	['HH', 'AH1', 'N', 'D', 'ER0', 'D']	1	6	[1468.452573871545, 3557.290567527826],[937.2826083360983, 2031.3647776080966, 3421.804212684902],[495.4212610289358, 1440.8704923833807, 2205.1459322741057, 3446.416608442578],[474.2265967978452, 1365.5617728113516, 1626.3168639969383, 2410.113352177104, 3483.0783936604125, 4339.509291622575]	[218.94208917357187, 817.8863512221743],[659.0967407391295, 957.2451521238122, 1094.8736019878688],[328.46414628886595, 93.5667786979002, 660.9935695659074, 477.998834273627],[335.6894135228685, 687.6386157347872, 786.1009855634143, 584.5664829832047, 235.79527666548063, 392.2278369508285]	removed	unallowed
ER	0	HUNDRED	358.4	1785.5	2483.4	246.1	143.8	159.3	242.229	242.206	242.276	0.07	94	1	4	2	3	0			298.0	1773.0	363.4	1789.1	373.7	1790.9	357.9	1757.5	333.6	1727.5	D	D	['HH', 'AH1', 'N', 'D', 'ER0', 'D']	4	5	[2092.3377054677794, 2902.853453974117],[1219.4190344118335, 2267.348508150812, 3213.8696376215285],[358.39253547720966, 1785.5335713503896, 2483.4086575581696, 3374.4814239687257],[356.4535801583261, 1737.87989090081, 2264.4645819834814, 2970.172031437556, 3568.2651199475663]	[467.3752695357153, 905.7434900040358],[689.5210318370075, 314.08695033395355, 657.5683735256357],[246.11983096477096, 143.8387595578719, 159.32897611406665, 413.9018254910107],[150.451279425795, 423.0599713406136, 334.25052873122104, 734.1564084916427, 1068.6350153253736]
AE	1	GRAMS	586.8	1811.2	2583.3	282.6	151.2	786.3	242.399	242.356	242.486	0.13	33	4	1	2	8	3			519.2	1783.2	601.6	1811.0	645.1	1816.7	644.4	1782.9	637.5	1701.3	R	M	['G', 'R', 'AE1', 'M', 'Z']	2	5	[1877.7638699247173, 3418.056905547775],[624.4357594606689, 1871.5765327855743, 3360.8570789612513, 3446.9834298866417],[586.8166786257841, 1811.1743733725993, 2583.3193615340306, 3423.9997696993146],[546.0894116623358, 1631.7774018912967, 1888.3484563153177, 2879.3242725714763, 3442.1756001366407]	[330.8356341393815, 113.71710762929122],[679.9917631171181, 180.8678699210105, 724.1276022490808, 867.2880894036879],[282.5981558150077, 151.17326235051493, 786.253896874059, 103.96782944180627],[192.31280337041014, 736.5558649238237, 379.0071974239823, 513.1557193850839, 78.55735777358477]	removed	unallowed
AH	0	A	352.4	1360.8	1803.5	72.6	169.8	1215.9	242.616	242.606	242.637	0.031	6	0	0	0	0	0			352.4	1360.8	352.4	1360.8	344.2	1325.2	338.0	1306.4	338.0	1306.4			['AH0']	0	6	[1304.0829530952903, 3283.1409633783333],[332.626887025113, 1496.7459533732742, 3153.0643789760866, 3795.601451878846],[360.3286858637701, 1408.347001414775, 2608.7926366672145, 3392.981651148071, 4072.813560586319],[352.3618341795798, 1360.8043921145156, 1803.488444609539, 2781.395422809342, 3464.4765736249583, 4190.288244814319]	[694.6050426316535, 526.2987003828193],[537.511659630221, 365.7221890232237, 437.94108762322253, 508.0015386075622],[103.29127005499682, 120.96170850516022, 452.18251491121265, 262.28532414037966, 492.2813777329573],[72.55289453187754, 169.8483761588336, 1215.8644451098546, 274.442591488375, 121.66036735607636, 201.76499541996677]
AE	1	BAG	686.1	1779.1	2811.4	96.1	116.4	330.6	242.793	242.716	242.947	0.231	3	1	6	2	1	0			643.7	1719.1	691.9	1781.5	720.1	1837.0	721.5	1798.4	715.9	1842.6	B	G	['B', 'AE1', 'G']	1	4	[783.7615420141342, 1967.209950719071, 3481.8808237784274],[686.0981404499049, 1779.100759720994, 2811.399973105697, 3742.675942999829],[695.1697107015228, 1745.394205213856, 2587.063678852872, 3535.905543136868],[659.1998278909514, 1409.365630075534, 1834.91352836324, 2841.580412524342, 3713.2834671377955]	[569.3254909843374, 408.4434086710186, 376.9030757649216],[96.10369351968562, 116.41310626526715, 330.5934345157885, 204.96982394805622],[105.75095755684497, 996.3694685285975, 224.97248179194395, 185.07994480298348],[75.77558222610767, 793.5038978146773, 139.4603908469285, 126.46492054218108, 74.91573801291139]	removed	unallowed
AE	1	AT	728.4	1717.1	2556.8	99.7	179.4	167.6	244.559	244.516	244.645	0.129	3	1	4	1	0	0			759.1	1733.1	724.3	1713.2	708.6	1610.5	707.6	1597.2	690.2	1509.5		T	['AE1', 'T']	0	6	[1019.8884463929191, 2446.019605632454, 3391.2167014423608],[861.201394421923, 2104.3800091500752, 2763.9696404254128, 3658.4967924318535],[728.7842598782236, 1725.4158364960895, 2572.646628461769, 3361.992096928059, 4112.794212465032],[728.4287422613708, 1717.087125802102, 2556.8078298884197, 3111.3344241380073, 3741.5013034098974]	[765.4254583625818, 563.3386430521357, 625.8922493082806],[517.614184415789, 808.3190168689451, 638.2769962999449, 579.6992489877854],[106.62188161493988, 192.12411054929464, 170.14455796833678, 289.7970750442362, 765.7208955090582],[99.65652693958381, 179.44062589873442, 167.6404000681828, 1821.3633937672928, 625.4367976257904]	removed	unallowed
AO	1	FORTY	412.7	797.9	1965.1	132.2	231.3	1979.6	244.806	244.766	244.885	0.119	64	6	4	2	1	4			401.6	805.6	413.3	794.6	432.8	830.8	456.2	864.2	486.5	993.1	F	R	['F', 'AO1', 'R', 'T', 'IY0']	1	6	[545.6170298007678, 3081.4226412887747],[611.1524501620746, 2598.214097669742, 3332.8321428538566],[422.8410596501962, 817.8607496888206, 2657.069442292233, 3349.5784305704037],[412.6625321243619, 797.8901704578149, 1965.137785064314, 2698.2130022434158, 3357.350111134178, 4573.969865613009]	[151.15433228738763, 1355.6729573528144],[107.89002631166808, 722.1741919805635, 171.90204067912],[148.917536406031, 236.41178228408674, 181.4328142530916, 71.58309086780021],[132.2453934606692, 231.2896014548343, 1979.644749025573, 187.767830408721, 49.79533587261717, 503.04474489719564]
IY	0	FORTY	341.6	2150.5	3011.4	95.6	226.3	229.8	244.969	244.945	245.016	0.071	12	0	0	0	3	0			339.2	2095.1	342.0	2155.9	348.5	2190.9	353.0	2162.7	391.3	2124.3	T		['F', 'AO1', 'R', 'T', 'IY0']	4	5	[2513.7277979601054, 3093.9588286689013],[332.9797420118458, 2292.0147652175046, 3072.704745407849, 4066.161844035313],[341.6179182576709, 2150.5295056367586, 3011.35092678211, 3266.476905180174, 4193.578928353679],[345.4949501694305, 1609.588841173829, 2541.6312515707586, 3099.1083836481016, 3730.731876022078]	[1203.036336336688, 352.2041248300295],[340.99158979447617, 266.6081118350196, 109.6418565569171, 538.0736579911509],[95.58103023555088, 226.25553018611737, 229.75305909097952, 1066.7662912601718, 785.2653485862129],[121.31090390968048, 1970.4346343078266, 153.82957512532283, 442.8110552890258, 482.89943205024736]
IY	1	P	303.9	2220.0	2934.5	187.4	278.2	638.3	245.142	245.105	245.215	0.11	12	0	0	0	1	0			286.6	2401.4	285.7	2304.8	1237.5	2623.5	2067.1	2872.6	789.1	2293.2	P		['P', 'IY1']	1	5	[2581.5332932858146],[289.0692794456189, 2307.673710130342, 3057.021648477646, 4343.247003477725],[303.8794647524236, 2219.9635159234026, 2934.534070244119, 3529.574078320253],[299.7806937076043, 1916.165203362747, 2447.104426258262, 3031.3440067018714, 4151.579883854798]	[813.7755465378955],[300.1809992952014, 288.17678209491606, 376.5933382378561, 590.5810388563941],[187.38900788117752, 278.1915474988138, 638.2617783379532, 1036.2512409889073],[166.23237293460954, 939.05315369546, 560.2678521265032, 272.7288024314306, 474.5169585772671]
AH	0	A	439.7	1484.0	2276.7	113.3	260.9	1358.3	245.229	245.215	245.256	0.041	6	0	0	0	0	0			439.6	1497.9	439.7	1484.0	436.5	1441.6	424.3	1390.0	420.7	1381.2			['AH0']	0	6	[715.5130949388591, 2512.9633354213906],[1032.7362825616483, 2449.765767451877, 3263.6087927699555],[456.62108064628177, 1591.3228275120096, 2507.491227945399, 3321.5618620999576],[439.6856949070641, 1483.9663309189177, 2276.702428653074, 2531.4649319869804, 3362.583247368299, 4664.784865629932]	[1565.7268711371203, 466.76266360386666],[751.9188382789981, 315.15561613388, 907.141492653358],[190.400455049659, 246.60105652454047, 107.63889889732225, 266.40469980738396],[113.28831992596653, 260.87628344812197, 1358.2547390559505, 162.4921606167364, 225.62959544827459, 782.9233798712417]	removed	unallowed
AE	1	BAG	662.8	1745.7	2632.4	82.7	128.8	217.9	245.415	245.335	245.576	0.241	3	1	6	2	1	0			663.3	1724.1	663.1	1746.0	692.4	1724.8	766.2	1750.5	678.1	1814.5	B	G	['B', 'AE1', 'G']	1	5	[1056.4166867634967, 2224.356046768687],[708.2103965581197, 1875.7887232327962, 2842.1947001683525],[662.8122486423557, 1745.6952215687093, 2632.4286062797946, 3258.5140362052775],[653.7710243273452, 1722.0350517412728, 2410.149842588332, 2701.327796647866, 3370.415453955906]	[1420.8212070151285, 916.4829592479975],[297.6515435650654, 299.1890373767486, 243.82703606978612],[82.72975672131466, 128.81863493426957, 217.89815935670296, 340.20148071297314],[65.0733249994566, 167.80304186341152, 1309.3892108421924, 517.6514981251875, 397.7347514027263]	removed	unallowed
AY	1	TIMES	852.5	1497.7	2493.2	90.9	72.6	713.9	246.526	246.5	246.819	0.319	41	4	1	2	3	3		s	777.1	1422.6	773.3	1316.1	778.4	1324.2	733.9	1447.8	679.4	1580.6	T	M	['T', 'AY1', 'M', 'Z']	1	6	[1210.6270414340781, 3146.795971717677],[981.6207368731515, 1502.2009933159995, 3096.5925835619855, 3316.8747330340543],[858.5735672674236, 1409.792933002412, 2552.0852860806244, 3258.402307795209],[852.4881088338691, 1497.697867413233, 2493.175334674889, 3250.0830181951196, 4108.75827357575]	[812.7204016985656, 939.6216217416746],[391.77567802179556, 648.7796188511572, 1435.0072982777053, 1191.0813137407506],[293.34548280824527, 321.28125424612494, 907.1165281648714, 104.65055229658576],[90.86810313572607, 72.6269997668802, 713.9473801121791, 388.88509409722786, 760.0496626795959]	removed	unallowed
AH	1	UH	496.9	1653.0	2284.9	47.4	190.7	873.3	249.461	249.224	249.934	0.71	6	0	0	0	0	0			475.4	1781.0	500.3	1661.0	500.4	1511.7	506.9	1400.1	631.0	1551.2			['AH1']	0	6	[558.5987359170281, 2465.9042783916393, 3392.29744148798],[515.4825666308135, 1790.862258274447, 2959.4089385857656, 4068.1806693836907],[504.38857027499057, 1713.0090449124743, 2832.2960965010043, 3755.002205692691],[496.8870577608719, 1652.98445182654, 2284.9186192243087, 2922.325584396438, 3829.847670095732]	[1011.7381979459801, 1449.1788037815338, 1284.2022311751964],[173.84955003992837, 312.9133465699973, 267.9644044866971, 468.8417522561209],[73.09702899597167, 142.6469899473838, 168.5756429935878, 317.009343867137],[47.402849436089475, 190.65057856366738, 873.3392254161373, 168.11044965194637, 132.49985330560705]	removed	unallowed
EY	1	EIGHTY	730.7	2175.0	3541.3	559.2	587.7	1450.1	252.638	252.626	252.656	0.03	21	1	4	1	0	1			730.7	2175.0	730.7	2175.0	691.6	2142.6	665.5	2098.4	665.5	2098.4		T	['EY1', 'T', 'IY0']	0	4	[988.2286133409137, 2550.205279634491],[730.7143855736748, 2174.9799451757235, 3541.2911073732353],[627.8127235876796, 1476.7812576105434, 2325.6055853678604, 3455.270491957737, 4481.65988440605],[685.1588016041569, 1549.129448455923, 2300.515675765795, 3022.778107943944, 4036.793123743546]	[1279.690854917328, 1056.7165615993295],[559.1623362352798, 587.7335331645766, 1450.1164939972475],[455.5803632743864, 1027.9050446730205, 424.55819600331785, 545.9736481450615, 472.8949781828311],[400.1110649090452, 821.5323046995702, 868.1148731198036, 767.2750920323264, 471.18390079858943]	removed	unallowed
IY	0	EIGHTY	277.6	2331.0	3113.8	129.3	402.8	1341.5	252.87	252.726	253.157	0.431	12	0	0	0	3	0			373.5	2605.0	273.7	2292.5	271.3	2409.8	264.1	2388.9	272.4	2300.1	T		['EY1', 'T', 'IY0']	2	4	[260.29040149312186, 2498.1479428165253],[277.63127919607035, 2330.9990260797786, 3113.765595244371],[278.0154915617443, 1778.7227380977545, 2645.5414904937297],[265.97968883543444, 990.0725702053301, 2266.8556425091747, 2865.7653240430045, 3796.7260275264666]	[317.5277652151085, 351.1465253797421],[129.25028278761442, 402.848425486315, 1341.4709943834982],[136.2275090021043, 1524.2373998796934, 692.0796471683087],[93.85176899542012, 992.3668699963974, 256.08343763008554, 654.7085319438648, 779.1868803681232]
AH	1	ONE	518.1	1965.4	3431.7	597.9	475.1	820.8	254.027	254.017	254.048	0.031	6	4	4	2	9	0			518.1	1965.4	518.1	1965.4	319.0	1789.4	200.3	1694.2	200.3	1694.2	W	N	['W', 'AH1', 'N']	1	4	[1635.9160776302754, 3595.549728630632],[518.1364235727452, 1965.443257225359, 3431.69070609438],[413.9584990513369, 1706.2550093349896, 2214.78822864568, 3601.2372539034736],[292.4061215850916, 1384.92475397741, 2013.4489386230312, 2976.256545736034, 3864.6745211302296]	[883.3954573653818, 1437.2056274413228],[597.9314258812818, 475.14019963285864, 820.7850607342979],[791.4916080805838, 774.796217871013, 1103.0018353885346, 520.9519377047609],[596.3202780211827, 919.3104568777858, 662.0489814726559, 887.9806659339359, 567.9261004757831]	removed	unallowed
IH	1	SIXTY	267.2	1861.1	2691.9	127.2	281.2	362.6	254.237	254.227	254.257	0.03	1	1	6	1	3	4			204.0	2120.8	204.0	2120.8	192.1	2144.8	442.2	2243.3	442.2	2243.3	S	K	['S', 'IH1', 'K', 'S', 'T', 'IY0']	1	5	[2365.8650384418634],[204.03642962345253, 2120.8267788867, 3063.712349010671],[267.1887026018072, 1861.1247591494457, 2691.881598065865, 3926.470037960204],[270.40599824562946, 1632.0046372151849, 2384.233515905328, 3385.203517780003]	[783.9432139288314],[475.13678105144373, 512.7672116693685, 800.0444695203239],[127.1885812771964, 281.2274222109514, 362.5544850702827, 589.494130833298],[150.6640848053577, 1537.0977127763244, 292.6085130586, 421.2377704288969]
IY	0	SIXTY	276.5	2322.0	3058.2	137.3	431.5	1217.6	254.454	254.407	254.547	0.14	12	0	0	0	3	0			274.2	2326.1	278.3	2330.6	304.7	2323.5	358.1	2402.4	956.6	2446.4	T		['S', 'IH1', 'K', 'S', 'T', 'IY0']	5	4	[227.2065850023022, 2585.9486898435266],[276.4812017955967, 2322.0240423425303, 3058.189154759044],[281.92291055518194, 2249.9755917503553, 2771.917893056831],[279.28074612746275, 1459.5270911405269, 2394.6876478474437, 3065.719796305255, 4300.337824407522]	[432.94862036999444, 324.49421592047094],[137.26099545688922, 431.49126394754944, 1217.6401281834676],[157.5740843540179, 799.5902869363615, 876.8789535251512],[132.1734821888225, 1071.2391049757775, 218.94632424397744, 373.24411799773156, 385.68262486478807]
OW	1	OH	619.8	1180.6	2741.4	198.0	148.9	406.0	254.618	254.588	254.687	0.099	63	0	0	0	0	0			691.0	1365.7	624.3	1171.3	619.9	1159.0	612.7	1163.8	576.1	1215.5			['OW1']	0	5	[960.515614771702, 2973.4008549839623],[784.6113630085232, 1105.0242939141938, 2975.5510449262338],[619.7893705786003, 1180.6303833386046, 2741.3524703346166, 3164.1596939021333],[626.6128251697518, 1187.843551321512, 2054.5051428932043, 2915.9044598665346, 3698.3629752484135]	[269.69422498810053, 375.0920053844504],[1222.4568166644383, 557.7962833759814, 177.14795541824554],[198.00928809812288, 148.91750426503302, 405.95856827840987, 381.9899937226079],[222.66626123790272, 174.50051040230915, 1873.6472587603453, 273.4937091063223, 286.35943970002415]	removed	unallowed
AE	1	YEAH	549.6	1847.6	2734.4	330.0	272.0	248.2	254.791	254.758	254.857	0.099	3	0	0	0	9	0			534.8	1953.2	545.4	1821.5	487.0	1666.1	486.1	1665.3	654.9	1796.3	Y		['Y', 'AE1']	1	5	[1589.6928396251265, 2781.607327723561],[543.0607740909669, 1968.5721912601093, 2852.090338657211],[549.5635224619201, 1847.6385667064908, 2734.4425327610334, 3456.190960925396],[493.16223661733164, 1447.9097583018624, 1945.6341960656096, 2761.053963627204, 3566.6697232824104]	[1075.9962408419765, 527.3873933178569],[612.182328564387, 436.036415599959, 299.14912964778114],[330.0400121027106, 271.9698163492588, 248.19316476373942, 917.8041176312578],[204.34929443623267, 1022.4224594266478, 335.2365500152443, 159.49268743814247, 468.8345050101122]	removed	unallowed
