 , , M, , , , 

vowel	stress	word	F1	F2	F3	B1	B2	B3	t	beg	end	dur	cd	fm	fp	fv	ps	fs	style	glide	F1@20%	F2@20%	F1@35%	F2@35%	F1@50%	F2@50%	F1@65%	F2@65%	F1@80%	F2@80%	pPhone	fPhone	allPhones	index	nFormants	poles	bandwidths
AH	0	HELLO	546.5	1507.9	2527.6	244.2	234.4	105.5	7.719	7.709	7.739	0.03	6	5	4	2	0	1			546.5	1507.9	546.5	1507.9	534.3	1478.3	525.1	1450.2	525.1	1450.2	HH	L	['HH', 'AH0', 'L', 'OW1']	1	5	[966.0524943026061, 2546.018543304601],[581.1626087703339, 1540.4320573200378, 2589.941834045169, 4135.979386734852],[546.4719806311261, 1507.9131749844692, 2527.595400279246, 3588.693421414269],[493.5893808575731, 1335.6312637832607, 1680.934093344404, 2545.9407770667713, 3558.8132549688344]	[1017.8779774514511, 609.8394033477483],[710.4892492008449, 812.3975192966935, 321.3276582790329, 1054.5746872620064],[244.1909762420977, 234.43546789125637, 105.47496590823151, 310.663742282487],[154.75940349467558, 538.9103655232578, 636.2919979891898, 78.97881276869656, 200.25201191067688]	removed	unallowed
OW	1	HELLO	478.3	1186.0	1703.8	59.9	95.1	1540.0	7.826	7.809	8.039	0.23	63	0	0	0	7	0			481.8	1203.7	476.4	1177.6	465.1	1171.3	461.9	1136.8	466.4	1135.1	L		['HH', 'AH0', 'L', 'OW1']	3	6	[941.1496264920108, 2748.802786754612],[506.86123926726714, 1260.2306629602142, 2924.4822036811115],[488.67855270832, 1201.1919894825041, 2614.5808301684838, 3569.7010018119036],[478.30394575106783, 1185.970284826893, 1703.7988299212063, 2627.775370726957, 3564.591354780173, 4726.3214579685455]	[477.1109692387454, 379.55053455604275],[1117.1155914396686, 554.0738102671968, 337.90260578176674],[73.05354693649895, 70.3764105462938, 65.26008009774732, 394.1985401612364],[59.93292042058361, 95.09910088056553, 1539.9745311939155, 46.96565036805653, 187.85236387475797, 401.26115275436945]	removed	unallowed
OW	1	YO	493.0	1576.5	2466.9	60.4	229.7	147.0	10.335	10.323	10.473	0.15	63	0	0	0	9	0			492.1	1319.2	468.5	1183.1	446.4	1087.7	412.6	1037.0	531.1	1412.5	Y		['Y', 'OW1']	1	5	[644.2171150426136, 2539.286567417974],[628.7662921150185, 2035.1495703531702, 2897.3380980120996],[492.97793860928914, 1576.4573999927948, 2466.858142658454, 3517.150421154796],[483.1911330693667, 1419.6003175614494, 1767.6567935709013, 2509.4778723000154, 3511.4032063395407]	[524.5518837727165, 779.8682755281417],[449.70313377690843, 1404.6414787603103, 1668.304978866946],[60.356490852747775, 229.7235061408169, 146.96921458098788, 198.8888724899256],[43.95555512503277, 722.1773563141188, 581.5664112603926, 118.87377118802141, 96.01347642505522]	removed	unallowed
AH	1	UM	552.9	1201.5	1614.6	81.4	56.0	1192.6	14.28	14.084	14.673	0.589	6	4	1	2	0	0			560.7	1177.9	559.6	1214.8	535.0	1176.8	541.0	1174.2	540.1	1189.8		M	['AH1', 'M']	0	6	[1086.1450300309177, 2748.960936794251],[750.4416811345815, 1709.5924048343013, 3243.981874965456],[566.653942254192, 1210.4046310244155, 2569.1317244600395, 3409.7534185674094, 4633.0052133682575],[552.90865701354, 1201.4774884347908, 1614.5782179067555, 2594.7152980953933, 3493.402081146818, 4611.011093562785]	[302.67588225833407, 440.93249010083775],[853.2019862563014, 315.7375353621173, 722.3757977584662],[84.23307586417258, 35.45228045638395, 74.24622851941496, 456.17107339153813, 526.0233552327586],[81.41418793454764, 55.981146188226084, 1192.5719105636128, 35.76537459280158, 106.96440494570015, 96.36080902865197]	removed	unallowed
AE	1	YEAH	487.3	1794.4	2492.6	39.5	48.6	171.2	15.56	15.513	15.654	0.141	3	0	0	0	9	0			489.0	1817.2	488.3	1792.5	514.1	1766.4	527.0	1733.7	509.8	1679.2	Y		['Y', 'AE1']	1	5	[1836.0915617090097, 2550.530131405299],[505.9549530590048, 1883.4991326707386, 2800.5823354584263],[487.29088774702655, 1794.4260649216612, 2492.572147103309, 3354.893677197313],[483.3451712338621, 1668.530538273287, 1808.8355689964626, 2552.0167656367216, 3451.6852451753407, 4714.577042365394]	[709.7998608825018, 995.7576579065918],[378.2419536089478, 160.14474566847394, 360.50937413847817],[39.48366877023477, 48.60501962912512, 171.19494172015138, 442.5017692961474],[38.065450022513204, 1460.7950396101483, 73.077176448389, 121.57583988593444, 179.69151097990368, 153.28183062277552]
AH	1	WHAT	500.6	1254.8	2460.3	26.6	126.7	221.2	17.918	17.895	17.964	0.069	6	1	4	1	9	0			501.9	1224.5	499.8	1258.3	497.5	1293.8	501.3	1335.9	506.3	1382.9	W	T	['W', 'AH1', 'T']	1	5	[589.9082579700029, 2299.1727416809003],[557.7507734586989, 1790.6372031758913, 3388.442849774556],[500.5755323818017, 1254.8403706700112, 2460.2575164367586, 3441.55785371313],[501.03747707503993, 1256.0002015434484, 2300.149248615856, 3149.1432262921385, 3874.9593647564425]	[277.9070700363187, 1498.746824000726],[186.69198336468608, 759.087030058709, 360.601593366062],[26.637919476587573, 126.67907993428875, 221.2285596630216, 97.41255966197834],[24.70563133704672, 106.16099682996182, 881.373933862062, 115.93342992070995, 561.790410759746]	removed	unallowed
AE	1	YEAH	446.3	1958.4	2690.6	80.4	53.1	172.4	20.746	20.699	20.839	0.14	3	0	0	0	9	0			430.0	1974.6	447.8	1959.8	462.6	1946.6	462.5	1887.4	413.1	1848.3	Y		['Y', 'AE1']	1	5	[2062.988281467302, 3279.010060826273],[439.9437217551247, 2026.7266180191284, 3002.707745918894, 4178.213159126439],[446.2947761060238, 1958.4211988965544, 2690.6011107596105, 3627.8470131247536],[438.3540055941255, 1452.0933477478923, 1968.242690476035, 2707.8794196496256, 3606.6304319220512]	[375.9792478820546, 976.5575181786697],[415.9735489252775, 142.0752470194891, 458.8140297140089, 873.87423146485],[80.35554988896887, 53.11255198575876, 172.39915775074874, 202.20351839105527],[66.51398728623609, 1681.9730942948038, 56.593154683139694, 121.92200179657189, 127.1689416841224]
AE	1	YEAH	471.2	1831.0	2597.0	65.3	39.2	83.8	22.545	22.508	22.618	0.11	3	0	0	0	9	0			470.6	1852.5	472.0	1830.4	504.0	1818.1	530.7	1803.0	567.0	1887.0	Y		['Y', 'AE1']	1	5	[1841.448522511987, 2724.812184173239],[472.12574141671575, 1897.888658604534, 2770.1420704449242],[471.17506785873286, 1831.0031696584288, 2597.0202514002685, 3510.9008727468654],[460.4850801337309, 1722.5870117356199, 1838.2669135769913, 2622.4512618271256, 3518.1867839484808]	[484.9620746214082, 676.3178436518367],[467.1069802774758, 174.21888348779265, 271.7663182024483],[65.27488265605967, 39.18027553903441, 83.78551507235646, 218.05398333087447],[31.5614303039173, 969.6608066701071, 84.09394941820644, 69.55891919739112, 124.23009088410689]
OW	1	OH	589.2	1087.4	2386.0	126.4	81.4	572.5	42.381	42.3	42.579	0.279	63	0	0	0	0	0			559.0	1094.5	579.1	1087.4	545.9	1071.0	531.7	1064.0	493.7	1049.6			['OW1']	0	6	[960.481471154162, 3182.7115333907086],[858.2057677027173, 1733.3983540049992, 3368.872333660732],[600.831024041108, 1093.414709179841, 2463.6965576405705, 3391.3915793141564, 4640.583315506244],[589.157328699742, 1087.442704280965, 2386.010644186129, 3172.5486119609513, 3917.1494960474756]	[198.22688805493314, 653.551098399663],[305.1128361505342, 1143.4549912797627, 172.0529103950252],[178.18749211180437, 111.508088217117, 459.5219368958796, 74.32743019716077, 680.5491679092057],[126.36406453307674, 81.3552985285709, 572.4616435228991, 607.8411313598053, 971.0387533086486]	removed	unallowed
AY	1	MY	640.1	1201.0	2221.6	329.3	86.5	1387.0	43.892	43.869	43.919	0.05	41	0	0	0	2	0		m	613.9	1196.9	631.3	1201.2	638.7	1199.7	620.3	1193.1	584.6	1184.6	M		['M', 'AY1']	1	6	[1060.2120738113215, 1759.304504487171, 3283.1300264337992],[1129.102854693018, 2623.40672261688, 3349.8282626681716],[712.0155368112377, 1308.1406285948278, 2682.077507604229],[640.0566511732815, 1200.9923384930123, 2221.6059585214334, 3083.814431912174, 3407.866551422046]	[285.0576682298278, 1784.186875975138, 125.47834972520454],[145.91718528609906, 808.3068343095738, 133.7127037037924],[534.8651243084901, 470.0493983135971, 385.6830265201378],[329.25371029406364, 86.50855172820923, 1387.038624887263, 122.26581973805118, 1022.996618412172]	removed	unallowed
AE	1	BAD	579.8	1669.6	2565.3	102.0	68.3	264.1	44.049	43.989	44.169	0.18	33	1	4	2	1	0			537.1	1666.8	584.5	1672.2	600.3	1671.1	563.6	1678.3	520.5	1662.2	B	D	['B', 'AE1', 'D']	1	5	[1699.2685367828337, 3600.645428849619],[623.9533282720186, 1756.8248865650332, 3287.0695986901947],[579.7662714832545, 1669.6252150694534, 2565.272564592031, 3576.361087227377],[568.2254147643413, 1250.91499951436, 1681.770317869442, 2583.869942334116, 3561.548025936768]	[531.833506270434, 1005.2102630925682],[453.35736500779893, 206.88027919156082, 553.9708416637892],[101.96704574602538, 68.26994307360087, 264.1097803032259, 115.37656046789178],[99.61020207905226, 1757.5511604855512, 72.72730369816176, 176.72599999000704, 79.17741274574786]	removed	unallowed
EY	1	YAY	478.2	1932.6	2669.9	94.6	47.1	201.2	58.382	58.312	58.633	0.321	22	0	0	0	9	0			476.1	1935.0	467.0	1926.4	456.6	1917.4	439.6	1957.5	411.1	2025.0	Y		['Y', 'EY1']	1	5	[2258.4820814823443, 3329.2695128053433],[483.8629810878824, 1978.8293926008794, 2931.783554335917, 4087.0422645921844],[478.2382358172414, 1932.590235864063, 2669.8868164919836, 3622.781016189254],[467.90451346260534, 1518.236395743056, 1941.4430664465494, 2698.953368951832, 3646.759371458474]	[330.56182695228466, 776.9642336783302],[219.5866374413601, 103.27855463506187, 452.22691345211524, 750.3379069075255],[94.58612071697911, 47.125361581652534, 201.22555718258766, 202.59843714281436],[59.645093638867976, 2078.739318124755, 63.015576593841004, 192.50584364884548, 162.22294798961758]
UW	1	WOO	330.9	1300.1	2521.0	16.9	653.5	474.7	65.011	64.948	65.138	0.19	72	0	0	0	9	0			327.1	1112.1	331.5	1295.6	339.2	1229.8	353.9	1114.0	351.6	1032.8	W		['W', 'UW1']	1	5	[338.33302867417706, 2426.542027050931, 3963.9627840896737],[336.4638922647904, 2159.451214514478, 3640.525443097481],[330.87488118087555, 1300.1090714118066, 2520.99008926863, 3882.8265745680274, 4319.9259818875225],[328.3869685700766, 1077.604030963703, 2207.708055868096, 2885.502702708469, 3886.8986520435137, 4470.494978282286]	[49.33689695928598, 1034.6643613438318, 251.2184065144105],[37.20116448337081, 990.8984474805034, 1063.8850797794194],[16.859842884827398, 653.4969736342987, 474.7051806347549, 259.0318905317807, 1279.4467429585725],[8.063795451654828, 309.9507743576816, 518.2075015536357, 632.0086016081426, 162.73402586947554, 743.2039273084054]
UW	1	WOO	358.8	1224.6	2491.8	10.1	292.1	110.6	65.36	65.287	65.507	0.22	72	0	0	0	9	0			351.6	1162.8	360.2	1226.8	371.4	1032.8	381.6	971.7	407.1	1073.1	W		['W', 'UW1']	1	6	[363.7269094533684, 2437.4231268679027, 3930.880143805122],[365.18443730443215, 2306.998016185071, 3907.351896068956],[357.0692762839295, 1132.3295446359841, 2478.152097484162, 3893.0809178475774, 4486.933440041865],[358.7921695542343, 1224.6199826385657, 2491.8271386715214, 3887.485168957595, 4221.490028258983]	[30.007807175378872, 1322.4243889516354, 85.01409301297883],[29.660860530687728, 614.532126392704, 55.87695195250888],[6.815238899499668, 299.59859918608794, 161.6999086638332, 33.643983433829916, 851.0166332750043],[10.14307041217217, 292.1118824521803, 110.60877626734725, 148.4335860037364, 623.6986144949688]
AO	2	ALRIGHT	607.5	1157.0	2125.2	337.5	190.0	576.5	66.037	66.027	66.057	0.03	53	5	4	2	0	1			607.5	1157.0	607.5	1157.0	608.4	1161.3	612.4	1164.4	612.4	1164.4		L	['AO2', 'L', 'R', 'AY1', 'T']	0	6	[1057.0859746606843, 3137.6051020756186],[1001.805450496096, 1727.60705859379, 3297.9285231422573],[721.8244868130507, 1195.447851855987, 2570.9245270510114, 3302.334765565702, 4635.4657272686945],[607.5304083724959, 1156.9763441147154, 2125.2295712776245, 3109.8400758127996, 3487.1638643953625, 4661.43733679433]	[344.9432767198825, 1054.3783223852215],[555.5448690408233, 1042.4250755625483, 261.57232888084394],[689.3369282116385, 404.0005530968256, 1182.1956968059199, 227.251370659944, 938.2439425657385],[337.54758716347965, 189.98563902745437, 576.5240743972678, 813.9778156240277, 603.6265614618428, 711.3956345122461]	removed	unallowed
AY	1	ALRIGHT	735.5	1208.5	2223.5	205.4	266.4	622.8	66.199	66.118	66.347	0.229	47	1	4	1	7	0			680.8	1159.0	735.5	1204.5	727.7	1309.5	666.4	1489.9	577.7	1553.4	R	T	['AO2', 'L', 'R', 'AY1', 'T']	3	6	[1119.4921656432448, 3144.223656645013],[1063.5939357416275, 1264.676763999298, 3143.9723278296965],[805.6439992618375, 1190.6525424454783, 2425.2525939410316, 3151.8642699492507],[735.5352738978056, 1208.4831996833207, 2223.461971397644, 2752.6632880806415, 3162.091284924901, 4609.214245268645]	[135.15128995365384, 221.84440233596447],[364.30770045679384, 1527.3449618450124, 115.97329631049178],[384.5222582291469, 302.4454418641172, 842.4274929811909, 135.0916036055063],[205.43043831964366, 266.36767342971314, 622.8449640800748, 2047.9681270060776, 120.55313599182297, 208.73634570524374]	removed	unallowed
AE	1	THANK	533.0	1742.9	2755.5	110.8	414.4	716.6	67.265	67.238	67.318	0.08	3	4	6	2	3	3			582.6	1809.5	533.5	1750.0	542.5	1842.7	555.3	1904.9	557.8	1936.8	TH	NG	['TH', 'AE1', 'NG', 'K']	1	5	[588.5133753944351, 2305.060864278493, 4466.608139845604],[549.2797310954887, 1953.4815307167435, 3744.8814175807593],[533.0373650771978, 1742.9229996620388, 2755.534098224216, 4048.1105436057405],[542.8634209515357, 1684.189913896525, 2427.009522750151, 3254.8395840011112, 4106.615706506942]	[484.09481201018826, 1089.2320084464736, 751.3539745676204],[178.32368112559922, 506.14129087559695, 1184.2478065368198],[110.79727279408573, 414.3741234407301, 716.577287221249, 356.0751639781983],[103.55096570255515, 431.2209500299647, 803.3580177192827, 1189.4604722730521, 312.48968772767296]	removed	unallowed
UW	1	YOU	345.0	2243.3	3442.5	220.0	312.6	850.4	67.541	67.518	67.588	0.07	82	0	0	0	9	0			326.2	2249.8	348.4	2246.2	377.4	2327.6	404.0	2319.4	525.6	2278.0	Y		['Y', 'UW1']	1	4	[1496.109226971324, 3428.437428563888],[345.02054898860086, 2243.332254754506, 3442.4931310410775, 4397.7294181866755],[334.777242035777, 1786.269617235558, 2349.140203126029, 3538.355369186459, 4448.919852862648],[321.9629248316367, 1377.5393772896687, 2307.859912249497, 3273.2829807586345, 3892.1216958412933, 4472.328603565706]	[763.8414247516864, 719.0474970067781],[220.04501654620412, 312.61344000493807, 850.3569804119019, 937.8695934433293],[145.98774033356528, 1285.1963761165632, 331.0988790578446, 400.34692127062453, 408.11971357947033],[59.75318683986816, 509.4050182979211, 150.9891712231121, 580.6442693158342, 1015.3819257743677, 643.0715906107821]
