 , , M, , , , 

vowel	stress	word	F1	F2	F3	B1	B2	B3	t	beg	end	dur	cd	fm	fp	fv	ps	fs	style	glide	F1@20%	F2@20%	F1@35%	F2@35%	F1@50%	F2@50%	F1@65%	F2@65%	F1@80%	F2@80%	pPhone	fPhone	allPhones	index	nFormants	poles	bandwidths
AH	0	HELLO	479.9	1415.3	1566.0	86.4	106.6	710.4	3.762	3.742	3.803	0.061	6	5	4	2	0	1			494.2	1415.0	477.6	1414.3	453.1	1397.7	432.5	1391.4	425.0	1321.9	HH	L	['HH', 'AH0', 'L', 'OW1']	1	6	[1399.7709497735673, 3956.111617670974],[525.2233128092969, 1450.4302823029197, 3353.4203951898967, 4162.196740764492],[517.060363677895, 1435.344560240642, 2735.575280581, 3912.022652621437],[479.8719908525694, 1415.3306237661122, 1565.9644547036712, 2838.185357413839, 3893.177709144715]	[225.64520016343187, 747.18986366441],[472.011174147034, 112.56360350413487, 914.9813063642697, 711.0237829341899],[189.77312663266054, 50.04504124385526, 507.0408706494197, 215.81388296331863],[86.39448697105408, 106.5600739332452, 710.3719177651421, 268.9106965769803, 147.8204212023492]	removed	unallowed
OW	1	HELLO	518.3	1368.0	2808.5	77.4	213.8	477.6	3.857	3.843	4.142	0.299	63	0	0	0	7	0			519.5	1422.7	500.8	1325.2	443.0	1242.4	403.5	1171.4	336.9	1084.9	L		['HH', 'AH0', 'L', 'OW1']	3	5	[840.171373148651, 3549.008523504817],[566.6760136416249, 1531.8625588967197, 3337.627614769405, 4509.2607003213525],[518.2907844772161, 1367.9887160245698, 2808.4888778940726, 3966.5981700844395],[544.1938124121276, 1443.5875325258908, 2806.693539110658, 3829.8989759602537, 4608.266829814285]	[660.9248692879421, 2393.8438158673594],[281.1928230934786, 856.1613218752228, 767.6500871108327, 544.380813922485],[77.3539484948057, 213.82261602418393, 477.60918432281926, 637.2804094009002],[100.73314213348185, 153.69087921200983, 230.2230006873072, 321.1866495186131, 303.89045529270095]	removed	unallowed
AH	1	UH	582.0	1333.2	2298.3	342.5	176.8	624.6	7.349	7.282	7.482	0.2	6	0	0	0	0	0			557.2	1551.0	721.2	1349.3	1003.4	2063.5	894.9	1490.9	711.0	1236.3			['AH1']	0	5	[1262.4321432980698],[704.9580051823714, 1359.6705206093059, 2798.270421713026, 4467.565296065087],[581.9588630740769, 1333.2020406415756, 2298.311426695826, 3221.012052417196, 4495.416706931212],[587.097723209875, 1334.2718526823019, 2262.570331342978, 3153.1509468918503, 4374.242465046245]	[448.71341806144767],[985.77685309622, 406.98969825827146, 760.9019648441213, 972.2087428906601],[342.45039492488564, 176.78391660211662, 624.5782765106483, 635.9534471371903, 421.67577030988724],[337.5488152202976, 169.85453848380195, 594.7979899851769, 772.6274936758241, 528.6844776944425]	removed	unallowed
AH	0	IT	784.5	1313.2	2716.1	785.3	364.6	948.8	7.492	7.482	7.512	0.03	6	1	4	1	0	0			784.5	1313.2	784.5	1313.2	847.9	1344.9	913.8	1399.0	913.8	1399.0		T	['AH0', 'T']	0	5	[1152.580894011499, 3180.6537701867373],[1042.9553491144563, 1559.7207476835652, 3185.775610927896],[784.520944026863, 1313.215035606437, 2716.0629129805375, 3259.965725007546, 4625.435684531551],[725.147362435572, 1254.6433744805875, 2093.5340975111435, 3064.146178747823, 3519.357918627813]	[340.0305525200297, 386.62244986469176],[759.1515726449834, 1399.6606098679733, 190.21119871974207],[785.3033976212058, 364.60493862787996, 948.756710999153, 184.70502140196476, 233.37232961911758],[1486.165734905713, 726.2758793114516, 981.5108972252542, 830.3677014658997, 1135.355027021756]	removed	unallowed
AH	0	WAS	339.2	1410.9	2613.8	199.0	147.4	296.6	7.901	7.891	7.921	0.03	6	3	4	2	9	0			1006.7	2289.3	1006.7	2289.3	1149.6	2415.3	1293.4	2548.8	1293.4	2548.8	W	Z	['W', 'AH0', 'Z']	1	5	[1516.0215412133737],[1006.7155678417279, 2289.305456849501],[339.17479819433333, 1410.9015773120254, 2613.7615828563207, 3577.980352678106],[340.24466683085177, 1381.7922997507596, 2295.0831435378536, 3009.4550830202015]	[1217.6217951082463],[745.4095336044804, 999.7516257693331],[199.03187059264098, 147.4247068681878, 296.64356530915114, 533.2423306840401],[132.69596782111475, 368.28525129766734, 1793.9672182421987, 1299.2470286507526]
AH	0	A	500.6	1397.2	2549.4	144.0	33.7	197.3	8.035	7.992	8.121	0.129	6	0	0	0	0	0			514.0	1417.1	497.2	1395.0	449.3	1372.4	433.2	1351.3	405.8	1330.1			['AH0']	0	5	[945.9483028177352, 2438.308569115529],[1089.521622024488, 2454.556267348694, 3356.1703032138403],[500.55319420984745, 1397.1574880427954, 2549.376858361838, 3455.556245240356, 4121.5200092807045],[501.13604656634067, 1394.4864571148116, 2487.534043916484, 3393.8355422278096, 3508.2502197430313]	[1610.1151784385233, 310.44722007300356],[468.3649554336921, 648.238317981697, 335.3075397263848],[144.02429933175165, 33.742858604365736, 197.32038877501196, 106.47914506504088, 1151.8701144966335],[113.7678254315031, 24.507550980911475, 192.49295210744864, 547.6375141749472, 379.4006813540395]	removed	unallowed
IY	1	PIECE	297.5	2272.9	2999.0	94.8	100.3	985.2	8.335	8.302	8.401	0.099	11	3	4	1	1	0			301.3	2289.0	294.7	2273.2	281.8	2280.3	276.4	2295.9	273.1	2286.5	P	S	['P', 'IY1', 'S']	1	5	[2374.3136800553884, 4469.518163424877],[297.80988184634765, 2290.554842255352, 3365.557495772454, 4528.922476869024],[297.52617872519494, 2272.9418071865016, 2998.9761159050236, 4386.347475377312],[288.7627261779184, 1401.7134998206664, 2283.840905523335, 3034.034137979431, 4221.677648824281]	[204.27582119570616, 431.0895467420914],[137.27765121507474, 87.67068198645093, 905.4191198717265, 350.9079375570395],[94.75953179580607, 100.34619732894407, 985.1796824899028, 539.8003444771947],[52.103617334153995, 1028.3149953338432, 65.73466764691031, 486.9030942564668, 558.6079185889574]
AH	0	OF	366.4	1422.7	1850.4	121.4	1064.9	317.5	8.512	8.502	8.532	0.03	6	3	2	2	0	0			378.8	1784.0	378.8	1784.0	377.7	1819.0	370.2	1844.5	370.2	1844.5		V	['AH0', 'V']	0	6	[1997.5535655924937],[374.5539276767285, 1870.3517048894971, 2668.4719845512805, 4662.1613649143055],[378.8202086426768, 1784.0069760100876, 2443.715568375132, 3770.986649846084],[366.4498098675875, 1422.661919125039, 1850.3749324254723, 2503.843739182186, 3687.666963372311, 4689.730879448735]	[547.2244446604172],[397.89986501617517, 214.18125392083442, 438.9895907390708, 481.5432701599735],[152.6537113349517, 150.54996375539946, 286.3436948165331, 1613.3251777091625],[121.43017912095729, 1064.940512549125, 317.5471038371513, 201.99865919615138, 486.0605678040206, 186.31799020783225]
EY	1	CAKE	495.6	2010.0	2253.0	51.0	246.9	456.1	8.697	8.661	8.851	0.19	21	1	6	1	6	0			495.5	2008.2	492.2	1993.8	474.2	2047.3	401.7	2076.4	324.5	2187.9	K	K	['K', 'EY1', 'K']	1	5	[2250.8066280133626, 2391.9522686241426],[518.2987585312367, 2094.6885326427596, 2907.061664488561],[495.582966326718, 2010.0004590457693, 2253.031460859857, 3157.1326522853687],[485.68354726482625, 1396.4158956399974, 2048.2797779523753, 2516.2676245941825, 3385.7177798819375, 4749.424269954282]	[1250.2671050748859, 1089.0958584372295],[288.26272792672324, 100.63272707188504, 416.0521527734161],[51.0216530872889, 246.9332662288937, 456.1255158529862, 600.299312859588],[36.40960439347416, 725.7940549938492, 93.52638157984438, 332.58755444653434, 336.6694342333495, 159.35259165704846]
EH	1	SENDING	536.0	1754.4	2819.0	311.0	52.5	184.7	10.181	10.164	10.214	0.05	2	4	4	2	3	4			531.0	1750.4	536.8	1755.2	540.5	1758.0	534.2	1751.2	525.8	1745.9	S	N	['S', 'EH1', 'N', 'D', 'IH0', 'NG']	1	4	[1710.4708293840488, 2792.58314119919],[535.971202355872, 1754.434278497655, 2819.009393316597, 4477.66076079631],[547.3288000094493, 1751.052351424057, 2771.810601693331, 4019.3528047514537],[490.1071199310361, 1465.4076340071274, 1767.0166143226086, 2787.995427826203, 3889.018444761195]	[191.87850218116043, 707.667374486852],[310.96835550973617, 52.54479648141384, 184.65185529958308, 674.1952088488786],[251.8639219754015, 36.09004649322373, 147.97651128051632, 908.5567110516376],[113.02754238992955, 770.2405248280864, 61.209513288015195, 83.0904242685845, 498.90462896773556]	removed	unallowed
IH	0	SENDING	476.8	1637.0	2700.8	360.8	137.4	253.1	10.317	10.304	10.344	0.04	1	4	6	2	3	0			479.1	1638.0	474.0	1635.7	450.3	1617.9	424.0	1596.4	415.2	1589.7	D	NG	['S', 'EH1', 'N', 'D', 'IH0', 'NG']	4	5	[1629.3892582849624, 3080.861761798039],[447.5981746451092, 1652.743751515278, 2795.6115393758255, 4273.416278181149],[476.7739864386525, 1637.0200596437946, 2700.7607768781595, 3922.2294803999844],[433.6059135916012, 1585.2704345850475, 1920.5339089481529, 2803.6132515137365, 3996.932867714029]	[599.6522620580552, 1377.9918366757352],[488.72706571843133, 224.3784683972297, 386.78610502369634, 505.17671511525174],[360.8217900558999, 137.407807589829, 253.11475030429057, 700.1771941598765],[213.32682352185043, 579.3224908373573, 720.6990302819639, 243.14810558318285, 228.51215499450635]	removed	unallowed
AH	0	THE	477.4	1442.0	2086.5	138.3	103.0	570.9	10.44	10.424	10.473	0.049	6	0	0	0	3	0			476.7	1454.4	477.2	1438.7	472.5	1408.2	463.0	1364.6	456.9	1339.2	DH		['DH', 'AH0']	1	6	[1428.7727304358634, 2761.990529738987],[527.2849643606611, 1518.4540764841818, 2778.2410212705513],[490.73128255610465, 1465.483527672415, 2294.979045318512, 2919.270348742112, 4433.904044666471],[477.39061512895887, 1442.0098312319783, 2086.4718028806465, 2872.0014344506117, 3895.600971538958]	[279.0356386516756, 549.0064994639023],[591.0752267948271, 172.9193541716921, 256.84967321435755],[210.5285744790416, 106.96880047106916, 708.5737059425603, 294.5070838177219, 417.9969487626082],[138.3287167409515, 103.02250625951339, 570.9378701301926, 226.97854238312186, 1307.620860024907]	removed	unallowed
UH	1	ROOKIES	392.4	1384.6	2167.2	104.2	116.6	400.7	10.67	10.653	10.703	0.05	7	1	6	1	7	1			408.2	1392.5	389.0	1381.6	363.8	1360.4	353.7	1337.2	353.3	1327.5	R	K	['R', 'UH1', 'K', 'IY0', 'Z']	1	6	[1310.107039719087, 2506.618866864823],[399.09464652139053, 1503.595361769118, 2545.3327580034943],[399.0899297663229, 1410.9184195200955, 2405.18317919586, 3173.458489365518],[392.3866392115601, 1384.5703154920639, 2167.2423550847434, 2683.9095017276254, 3666.8850402236317]	[586.2912413964319, 396.7757779834835],[598.9859081265239, 346.6977384941403, 207.6436040919168],[164.56383614903615, 104.98970814927368, 138.14094595787515, 640.4796969827518],[104.17289095127006, 116.57376912762109, 400.6759281341676, 382.340822509221, 623.1925762698842]
IY	0	ROOKIES	293.2	2368.0	2916.2	161.2	73.7	137.9	10.817	10.774	10.903	0.129	11	3	4	2	6	0			297.1	2369.2	292.7	2366.9	283.0	2332.5	285.7	2337.8	309.7	2247.6	K	Z	['R', 'UH1', 'K', 'IY0', 'Z']	3	5	[2546.337147858962, 3852.185061253551],[258.8446335756713, 2427.1800622026117, 3053.1545008437693, 4452.890156793573],[293.1716396142939, 2367.989983798498, 2916.1901031762454, 4157.745161715498],[280.8437296369868, 1541.4637672345486, 2391.084913521188, 2940.944856282205, 4129.058940907085]	[234.3048697889334, 2025.489564491866],[359.82045652101385, 133.18817364462214, 346.5255227710565, 276.4925514120057],[161.22718486310637, 73.67575711371074, 137.88917896185717, 262.6975120188039],[60.381159181665424, 868.9202096654633, 56.94481856555824, 87.51201558615524, 200.51224964822322]
AH	0	TO	385.0	1670.2	2659.6	249.5	63.6	191.6	11.916	11.906	11.936	0.03	6	0	0	0	3	0			385.0	1670.2	385.0	1670.2	375.3	1663.7	364.5	1658.0	364.5	1658.0	T		['T', 'AH0']	1	5	[1669.0946113383573, 2908.1825041746033],[343.5924818732985, 1686.222510372424, 2757.379999043052, 4519.0985013731115],[384.9898334350951, 1670.2398284450549, 2659.5700209733345, 4059.0540291005022],[369.2096893850056, 1466.9236072479748, 1764.9687159326713, 2752.041255832561, 3917.757950948578]	[325.72019078408243, 1154.3030035977272],[534.3459337511315, 123.06340583060518, 306.9344506944776, 469.5310575994436],[249.49943663999534, 63.58453125704038, 191.5729548363318, 700.2517201339999],[158.4745625892302, 965.5291805618955, 116.2688281545802, 149.08534590159326, 450.6442287421846]
IY	1	DEAL	422.9	1891.8	2587.0	95.1	157.8	177.2	12.043	12.026	12.076	0.05	11	5	4	2	3	0			419.6	1905.5	423.4	1887.7	424.0	1856.5	422.7	1815.6	423.1	1779.9	D	L	['D', 'IY1', 'L']	1	5	[1261.6736149877493],[429.3978447380265, 1974.8353536681377, 2683.406166001234, 4601.057018165279],[422.9256583440351, 1891.7567841426626, 2587.0138622725367, 4097.877676107654],[411.33933756631654, 1673.7183200531958, 1954.0497776371453, 2632.635641578152, 4091.84250617321]	[2409.2807104248986],[218.7639181741619, 250.15911966584994, 294.32064998418633, 335.57006140224075],[95.11866066482695, 157.8428627500586, 177.18744588316648, 1235.1902148175127],[56.45050544420841, 961.6812463514583, 484.26977071893197, 167.92846220408043, 638.1690660634098]
AH	0	WITH	412.7	1327.9	2474.2	191.6	134.2	319.9	12.209	12.186	12.256	0.07	6	3	3	2	9	0			415.8	1299.7	413.0	1328.2	421.7	1416.4	424.0	1532.5	625.1	1835.9	W	DH	['W', 'AH0', 'DH']	1	5	[1181.3980010402267, 3273.6967334217006],[777.0894521912327, 2067.0149180252492, 3695.5227342814756],[412.7030615057493, 1327.9433206865629, 2474.2030485458667, 3436.238034132392, 4556.0199859148815],[420.16234614196003, 1321.2477646542002, 2304.9221291969748, 3116.199172906979, 4121.234360151782]	[909.894030210519, 2259.730526683738],[750.1280466378375, 510.59344539051546, 687.5550140815982],[191.57823828220756, 134.1503888901912, 319.8500426353667, 626.0957301065903, 225.52697108977736],[238.02838404812456, 568.3480625720008, 1153.1437928812531, 399.8193363051603, 292.58317819209935]
AH	0	A	421.5	1373.5	2519.0	111.6	83.3	176.2	12.333	12.316	12.367	0.051	6	0	0	0	0	0			424.8	1386.1	420.6	1370.8	411.7	1355.2	398.9	1331.9	385.4	1312.7			['AH0']	0	5	[1287.9766358495153, 2847.7920301761783],[647.7447657651539, 1881.6659660168207],[421.5149032132955, 1373.5096266998544, 2518.99436323684, 3287.9522188138008],[409.5977857208275, 1348.1556483188522, 1844.1619287327987, 2595.4037105358348, 3403.602650692042, 4665.885731575627]	[712.4463368725035, 628.5036378836501],[834.4101978283262, 820.598927756109],[111.62396304134134, 83.3141631826936, 176.20259847995865, 363.2020892347832],[87.91290285302968, 129.7143372026113, 1168.230126682206, 139.6746516132887, 164.18856865146415, 89.1166018818084]
IH	1	BIG	438.0	1876.4	2600.8	49.5	174.5	80.3	12.533	12.506	12.586	0.08	1	1	6	2	1	0			428.2	2326.4	455.8	2281.4	455.8	2217.8	447.4	2238.6	427.0	2282.1	B	G	['B', 'IH1', 'G']	1	5	[2073.395156753266],[454.6600153371546, 2284.01370694908, 2791.2876691164606],[438.0253608984739, 1876.4447292744944, 2600.771665572443, 3408.5201641218546],[432.55449733051535, 1793.9839796126219, 1971.9508782451996, 2629.0865360353882, 3518.082944233673, 4682.82505354002]	[2115.6297600318258],[424.602437386111, 489.64278487423536, 423.6778129772806],[49.53185861455485, 174.45846269273682, 80.26398546773574, 505.33740399184995],[36.753051263055035, 739.4738955908979, 746.597055183083, 73.48326520865116, 262.12268566553297, 171.19972637202568]
AE	1	MAN	633.8	1861.9	2429.8	232.0	123.8	823.5	12.793	12.736	12.907	0.171	33	4	4	2	2	0			646.3	1874.9	634.7	1865.0	678.2	1916.6	693.2	1869.1	655.4	1848.2	M	N	['M', 'AE1', 'N']	1	5	[1877.9029720252304, 2967.7211712207522],[693.7862936976387, 1906.716046725529, 2946.606207007068, 4647.955177163061],[633.8428091951516, 1861.91067726546, 2429.828177145668, 3205.8284531946447],[587.0855016875109, 1553.9639076827139, 1912.4027541712264, 2699.420934209553, 3441.871666109612, 4606.592294830876]	[270.0059602439894, 1216.8890144750728],[560.2955883389866, 116.28791962504705, 484.64340272747927, 1525.103645762755],[232.01309169634843, 123.79512190088744, 823.489198287444, 656.9805706249474],[135.77936762312984, 660.8955854527977, 129.5080787666621, 335.1748248112542, 385.04249660720814, 382.99913145328173]	removed	unallowed
AY	1	I'M	776.2	1428.1	2557.4	244.8	364.9	819.5	15.095	15.083	15.133	0.05	41	4	1	2	0	0		m	788.3	1445.2	731.9	1368.3	699.0	1326.1	657.9	1301.2	581.9	1267.5		M	['AY1', 'M']	0	5	[1005.8212543319091, 1983.761343403901, 4025.582418520236],[844.5983430958305, 1565.7232837228557, 2894.4055728210847, 4247.583927223456],[776.1851235859716, 1428.144982476338, 2557.3852345837918, 3573.2101353461517],[769.8137143501334, 1302.4101230706945, 1888.955290899671, 2962.9221082791737, 3959.4569659943063]	[442.0372494033096, 1140.5193212816805, 1202.1812615971744],[304.4024076863564, 487.181532920644, 813.466880414926, 631.6944561176424],[244.8358069185273, 364.86480613918235, 819.5457505820305, 971.0657966907726],[247.15271298531985, 906.0357972885622, 445.4082731087606, 527.8768164737959, 540.8508326605651]	removed	unallowed
AE	1	ACTUALLY	770.4	1689.2	2743.9	137.0	109.9	601.0	15.219	15.192	15.273	0.081	3	1	6	1	0	4			731.0	1643.7	771.8	1692.0	749.3	1705.2	707.5	1720.5	688.3	1742.5		K	['AE1', 'K', 'SH', 'L', 'IY0']	0	5	[1508.2945521350478, 2703.9541816364904],[809.8182063337134, 1729.5372014670634, 2943.7082458233067],[770.3737764539947, 1689.2119697923717, 2743.900985840254, 3485.9042921308032],[744.0167013541936, 1670.0762416915177, 1815.57913160034, 2891.76336347291, 3769.259072901606]	[488.23110541455384, 1051.9508313667404],[260.04858337270014, 146.9210806560927, 309.35906425392534],[137.01624689838422, 109.9224568840268, 601.0097919636793, 1167.1373871318588],[107.62548166992579, 436.4105982058328, 915.3478149304256, 321.40477065243164, 935.8041584012498]	removed	unallowed
IY	0	ACTUALLY	319.0	2030.5	2776.6	43.7	137.7	233.7	15.399	15.383	15.432	0.049	12	0	0	0	8	0			322.6	2028.4	318.3	2032.0	315.5	2050.7	316.5	2056.4	320.4	2048.5	L		['AE1', 'K', 'SH', 'L', 'IY0']	4	5	[2458.2921737902857, 3406.1898917271383],[320.3329054748515, 2172.358551161289, 2994.424953101827, 4029.2415976255907],[318.9991673465665, 2030.5289021044196, 2776.6104339860244, 3517.103873290429],[316.318313879729, 1285.529460152534, 2062.1162282751884, 2779.20035059589, 3472.0001097268964, 4492.330824281784]	[532.7938078061404, 919.6903110794815],[192.2128712898463, 238.05223405978347, 302.07084917277643, 734.2229869324303],[43.74074869173361, 137.65427180371765, 233.7238473612749, 398.65324905648845],[42.459072549837344, 1466.9673622448743, 94.69149451575251, 95.51817267675202, 135.14131625097536, 350.61680531151376]
IH	2	INSULTED	322.3	1924.9	2732.8	141.1	240.0	519.2	15.442	15.432	15.463	0.031	1	4	4	2	0	5			322.3	1924.9	322.3	1924.9	320.7	1892.2	317.7	1845.9	317.7	1845.9		N	['IH2', 'N', 'S', 'AH1', 'L', 'T', 'AH0', 'D']	0	4	[216.80822707605773, 2139.311341865286, 3536.839945277241],[322.2584023674528, 1924.920988339429, 2732.7523363030446, 4093.186867215404],[326.62694597278534, 1893.5107225040058, 2503.199711477909, 3550.115131843974],[304.7817865516905, 1152.3508714389907, 1964.911099987883, 2700.447221437455, 3708.8670972808923]	[656.7717815828863, 373.7900936011897, 1238.4924653014546],[141.0837037397655, 240.04173979081304, 519.2194750537507, 1001.3677302276105],[159.6227918584574, 1134.2195510842441, 566.2291313788121, 715.0268200724958],[80.41557498082545, 739.8615973834129, 137.59623831077894, 230.01619192132443, 545.2493396244905]
AH	1	INSULTED	522.4	1202.5	2766.7	64.3	156.7	126.9	15.606	15.592	15.633	0.041	6	5	4	2	3	4			518.6	1218.6	522.4	1202.5	532.4	1151.4	536.7	1120.7	536.8	1116.3	S	L	['IH2', 'N', 'S', 'AH1', 'L', 'T', 'AH0', 'D']	3	5	[639.9147658162098, 2634.8901024853403, 3284.170626855029],[672.041876338915, 2311.594439341577, 3319.033833779755],[522.4058391079856, 1202.4889363182444, 2766.7191198946775, 3446.628252456273],[512.2737290178388, 1157.9789131550576, 1871.3816071831714, 2796.570856444554, 3451.408826785354, 4537.388154044926]	[281.58880475247696, 1697.6161497133696, 746.6640838025003],[319.65949934591504, 1010.2350149570531, 633.632745770169],[64.25196582593249, 156.65841650278406, 126.93342056153924, 122.46459665060567],[46.570870946438006, 158.04898058767455, 1273.0354147428584, 88.30697018950994, 62.23961273874418, 464.13840123677824]	removed	unallowed
AH	0	INSULTED	382.5	1681.8	2780.9	42.6	71.8	217.1	15.799	15.782	15.832	0.05	6	1	4	2	3	0			390.8	1657.2	380.9	1686.8	368.9	1722.9	353.3	1748.6	344.7	1743.6	T	D	['IH2', 'N', 'S', 'AH1', 'L', 'T', 'AH0', 'D']	6	5	[1203.3245726493803, 2936.5225061133783],[389.16718013786027, 1742.1995733799342, 2956.207218641504, 3797.911240331564],[382.4866453996198, 1681.751555309287, 2780.8750314929575, 3654.4308011830553],[379.3876992097415, 1671.726081681425, 1828.653036378954, 2807.053330683927, 3645.175275079563]	[832.356852628151, 563.9589779967168],[173.10913035955807, 182.64086903939798, 286.4860919446116, 244.55173662886256],[42.57119326492547, 71.7706571490898, 217.11777282704068, 190.73986989604356],[31.9076071666825, 284.5931703725605, 1674.9894411224582, 187.51442091993565, 163.60253894473763]
IH	1	KINDA	701.6	1537.1	2707.0	208.8	180.6	843.7	15.952	15.942	15.972	0.03	1	4	4	2	6	4			701.6	1537.1	701.6	1537.1	706.9	1524.3	712.0	1510.2	712.0	1510.2	K	N	['K', 'IH1', 'N', 'D', 'AH0']	1	5	[698.4967886134939, 1516.8494925556824, 3602.5137596606733],[654.7883082328441, 1569.3679027716632, 3446.8985609328224],[701.6270445211095, 1537.1429387998733, 2707.0444075792348, 3544.74232437587],[697.4074071210463, 1505.5904254076945, 2553.440632196703, 3342.075917316721]	[703.0105436998346, 850.4246601583523, 416.91424640983655],[293.7134883553608, 311.75158562673835, 230.02033570633378],[208.7807841078432, 180.60614212089223, 843.6585022529927, 132.84990185797497],[540.4804845203122, 172.97384168969927, 1245.6119048317687, 577.2635887764027]	removed	unallowed
AH	0	KINDA	451.9	1594.6	2792.3	66.9	127.3	393.4	16.142	16.112	16.203	0.091	6	0	0	0	3	0			460.3	1587.2	449.9	1596.1	421.7	1579.3	358.1	1531.5	331.9	1521.0	D		['K', 'IH1', 'N', 'D', 'AH0']	4	5	[446.0603084635052, 1943.6538099244165],[454.5038770489651, 1616.720924170511, 2899.5025361348257, 4460.887029167464],[451.9046947014282, 1594.5706657743417, 2792.295506278857, 4191.132554726437],[380.3245205567317, 1076.2858837260342, 2167.0907414478047, 3159.733032290015, 4106.567211557786]	[741.5854730158471, 662.770661229632],[91.14805066450297, 173.53106491749284, 415.19457186600664, 496.4419745743672],[66.93504489445668, 127.29162296742024, 393.3734931110969, 855.1556782031877],[863.7404098462124, 231.07738516366325, 156.0055446280396, 311.50134007488117, 313.96167750760094]	removed	unallowed
AO	1	THOUGHT	593.8	1412.5	2490.6	96.1	300.9	1232.3	17.3	17.29	17.32	0.03	53	1	4	1	3	0			593.8	1412.5	593.8	1412.5	596.9	1404.1	600.6	1417.9	600.6	1417.9	TH	T	['TH', 'AO1', 'T']	1	5	[748.6508544545319, 2212.3318264519326],[613.2122117959159, 1515.5435156359092, 3056.450171915505],[593.7527921573407, 1412.5237141714397, 2490.553031878852, 3240.5682659397335],[594.6011854754681, 1269.3801804459094, 1772.4785368611674, 2838.0045451340197, 3663.5602512328455]	[472.3730061937105, 1295.1533822151382],[139.7098419121151, 353.34565890527864, 434.8424353370931],[96.13205007672676, 300.9310198276975, 1232.3177168177642, 535.2823103177545],[92.92151210276862, 1002.4688377520599, 366.4642884585179, 504.8665327406533, 511.8543942287799]	removed	unallowed
IH	1	IT'D	553.4	1348.4	2591.0	127.0	200.9	582.5	17.36	17.35	17.381	0.031	1	1	4	1	0	1			553.4	1348.4	553.4	1348.4	544.3	1344.5	530.0	1345.2	530.0	1345.2		T	['IH1', 'T', 'AH0', 'D']	0	5	[803.5576787962273, 1650.000087038239, 3190.8465088116996],[644.1915181618664, 1412.998400970152, 3011.2982825842028, 3574.866529883992],[553.4097908862069, 1348.3519651877589, 2591.006249455057, 3231.5192212892307],[553.5389304627835, 1342.1605159201174, 2492.0709961547177, 3203.745558379154, 3692.118827902835]	[662.333123629285, 2087.2954438583383, 345.11163234012565],[471.39198303896643, 766.6299415382302, 495.9485169916325, 994.54848460882],[127.01066431424734, 200.92780324940716, 582.544846818854, 231.6133473869279],[123.16845491298817, 191.99472230197907, 621.3460462827321, 236.5905951390852, 1686.6840555298904]	removed	unallowed
AH	0	IT'D	383.3	1546.0	2583.6	93.9	78.0	414.9	17.42	17.41	17.44	0.03	6	1	4	2	3	0			383.3	1546.0	383.3	1546.0	377.9	1544.0	372.7	1540.4	372.7	1540.4	T	D	['IH1', 'T', 'AH0', 'D']	2	5	[1557.5571390637417, 2910.8942336081686],[382.26918043526655, 1601.2163325938361, 2799.698101420032, 3725.013282783055],[383.3139073492423, 1545.9950361944084, 2583.6141003793355, 3063.219400902957, 4234.555943159666],[377.7843919474494, 1535.5707235582036, 2069.9751010343716, 2700.083987111395, 3250.357233309938]	[488.1923541073333, 379.66180430232686],[361.4013502839821, 169.07603987206042, 219.03451761693339, 952.4730550968042],[93.90113756179635, 77.99584486109826, 414.92879575483823, 476.71170504680146, 1445.2677374438829],[68.8600781797783, 98.74870999094459, 1495.7179665356825, 334.31519556988826, 506.5466924371308]
IY	0	BE	360.8	1951.2	2749.0	113.7	299.3	430.7	17.507	17.48	17.561	0.081	12	0	0	0	1	0			355.1	1946.5	361.4	1951.7	369.9	1967.7	380.4	1952.5	393.5	1871.5	B		['B', 'IY0']	1	4	[349.53768233602096, 2222.4624910246143, 3363.0378313047677],[360.8260984741124, 1951.1665338337878, 2749.00122186553, 3784.5311611437237],[355.07991891612784, 1810.4258090113121, 2550.9288951115905, 3490.316581842843],[352.7693191162066, 1531.2439576419551, 2036.5538272859822, 2657.1220520607744, 3485.3346797944723]	[458.64336367476903, 378.47478504834174, 674.6193773652053],[113.69634746709934, 299.31095612140604, 430.66725389964375, 582.9682395448455],[35.719627959411966, 164.5820255565086, 208.83512957450455, 281.84816552746025],[28.74556060534954, 1092.3866167305591, 288.9529584450722, 521.3919482284837, 205.46409791811072]
AH	0	A	420.1	1484.9	2433.2	88.0	72.1	462.8	17.571	17.561	17.59	0.029	6	0	0	0	0	0			420.1	1484.9	420.1	1484.9	421.0	1480.4	423.1	1465.6	423.1	1465.6			['AH0']	0	6	[1463.217760971581, 2948.647317276002],[391.72924947080594, 1559.7142078400584, 2779.2540949441754, 4103.057771788977],[421.55513835299325, 1501.1526948289172, 2556.782796600206, 3621.1199319656052],[420.1127549904618, 1484.8807557417574, 2433.1800873984052, 2778.849931791476, 3692.592528862473]	[818.5215667163626, 1182.4216504651572],[644.6646317212779, 379.6846834366042, 527.552817074282, 868.3392389528896],[114.44795740621954, 79.37188607276553, 142.23245305527965, 207.84314447280883],[87.97845390599467, 72.05315463796742, 462.7897194369467, 921.6587950925838, 165.21527484253158]
IH	1	LITTLE	427.4	1552.4	2749.8	243.4	111.6	463.5	17.68	17.67	17.7	0.03	1	1	4	1	7	1			427.4	1552.4	427.4	1552.4	423.6	1563.6	419.6	1572.7	419.6	1572.7	L	T	['L', 'IH1', 'T', 'AH0', 'L']	1	4	[1549.9676575365168, 3270.3227655652063],[427.4101379199934, 1552.4274716242244, 2749.802720281765, 4119.562576433948],[422.24652940334687, 1524.544428323177, 2507.512961124022, 3590.518955755708],[409.7410282414096, 1513.1063840708093, 1727.0278620099737, 2592.654019407506, 3638.8279356456796]	[415.5531071001198, 1524.5872190482855],[243.40344778564202, 111.57635234729742, 463.4845019104713, 825.1825597714821],[93.55615576276288, 51.256496712295565, 258.6511292861845, 347.5596114138827],[51.967712212516, 89.34200324301614, 1179.3574983671083, 259.7186717324159, 241.94061021044007]
AH	0	LITTLE	333.2	1497.6	2484.2	51.6	98.6	327.2	17.74	17.73	17.761	0.031	6	5	4	2	3	0			333.2	1497.6	333.2	1497.6	331.0	1498.8	329.2	1503.8	329.2	1503.8	T	L	['L', 'IH1', 'T', 'AH0', 'L']	3	5	[1561.269511437825, 2862.7295041776365],[331.9630687144673, 1610.341374838431, 2768.9115316675266, 3864.8041445853373],[333.21442249708946, 1497.640467231686, 2484.15671584277, 3038.408896833353, 4376.987354680688],[333.8401602203365, 1485.677942563545, 2377.7671339668027, 2917.1193528315566, 3772.382718249943]	[1173.3335795638804, 549.5726130163118],[274.70966470747754, 286.3485214971738, 243.0490163253328, 1214.2740464037777],[51.64440029579039, 98.58835346747173, 327.2195820384099, 353.2952798158882, 1072.5457547476485],[42.31440013102501, 71.81650709330076, 296.48448176886563, 243.61657763847066, 677.4995253010384]
IH	1	BIT	356.8	1260.2	2233.0	102.9	272.1	146.5	17.821	17.811	17.84	0.029	1	1	4	1	1	0			356.8	1260.2	356.8	1260.2	354.6	1253.2	347.1	1233.5	347.1	1233.5	B	T	['B', 'IH1', 'T']	1	6	[414.15128256384406, 2201.9617037990165, 3312.683657416658],[630.5962581837505, 2190.414781159906, 3196.482816355549],[366.6032529380287, 1339.9423062682886, 2262.734435615766, 3200.417237152304, 4500.367616300009],[356.8057451605598, 1260.1684475657696, 2232.987649407866, 2730.9468449470446, 3381.4351092753786]	[635.8664480993194, 462.44868704724354, 1056.1912686866492],[832.0254922308869, 315.827474742356, 577.7061022948785],[172.51699357860548, 396.5161225653755, 129.7979105055446, 241.40184940383517, 1092.5158822983974],[102.94191052446641, 272.139071001857, 146.45759403952255, 1135.6620946785654, 437.3528887232597]
AO	1	MORE	486.9	928.3	2156.0	186.8	180.8	544.0	17.927	17.91	17.96	0.05	64	6	4	2	2	0			470.3	904.3	486.9	928.3	511.0	992.7	530.6	1069.8	539.9	1132.4	M	R	['M', 'AO1', 'R']	1	6	[688.0000301560669, 2630.7913275710134],[750.9654295097877, 2523.197413404781, 3182.4362112365384],[594.525326399634, 892.5668218932237, 2462.0748109146602, 3102.60581323829],[486.9115651337612, 928.2817040673333, 2155.970177896845, 2612.9934798744466, 3369.5337001145795]	[243.30115672583975, 942.6412541194774],[242.87937113888086, 403.8991320041519, 1325.659269463594],[624.4408342875762, 476.1746785615258, 286.74023994729254, 655.1139728975469],[186.75013480503054, 180.8447173651581, 543.9981618506199, 293.93414522624045, 497.45851450044137]	removed	unallowed
AE	1	CHALLENGING	710.6	1835.6	2638.8	146.1	175.9	509.2	18.133	18.11	18.18	0.07	39	5	4	2	5	2			667.5	1870.4	715.0	1831.3	753.2	1779.6	766.8	1727.2	777.7	1693.2	CH	L	['CH', 'AE1', 'L', 'AH0', 'N', 'JH', 'IH0', 'NG']	1	4	[838.019701850056, 2025.592629046198, 3916.4561746875675],[710.6433536720826, 1835.599173677982, 2638.82743084876],[685.4884731909049, 1786.342303035863, 2231.489976900377, 2851.101045850629],[667.8613788813781, 1450.9067206847394, 1858.5462527820691, 2594.655772225874, 3388.2952527616667]	[660.7345457646036, 357.29179943631453, 2724.803189629585],[146.14200024701043, 175.89111305660518, 509.15567971404823],[90.88637436332282, 252.9409410698345, 1037.5210579646064, 907.8948690575469],[76.93812453328192, 809.5553653324962, 250.84200756837478, 485.13335169487567, 1089.3066629658772]	removed	unallowed
AH	0	CHALLENGING	498.2	1324.6	2070.6	189.9	301.6	505.6	18.294	18.281	18.321	0.04	6	4	4	2	7	4			501.8	1318.5	494.7	1330.8	468.2	1365.1	433.8	1396.7	422.5	1410.0	L	N	['CH', 'AE1', 'L', 'AH0', 'N', 'JH', 'IH0', 'NG']	3	6	[699.814073939041, 1887.5554555299082, 3426.631375132478],[625.8203370778672, 1683.1070417960739, 2601.411828137202, 3486.038752439322],[560.7516421527844, 1512.286390744479, 2561.753325039653, 3486.009801270919],[498.2235975186932, 1324.560697777345, 2070.616976321065, 2925.2317592317227, 3534.664532465041]	[937.0501879079799, 900.3346090125445, 269.8898298172279],[930.5767750974602, 1117.3072306424563, 1831.0870207981834, 312.4761474600775],[393.55517246005905, 452.7018694111087, 610.4909808578326, 167.9561829272101],[189.86434340676874, 301.57834849161134, 505.6218733314406, 486.85806556577177, 133.14726723843367]	removed	unallowed
IH	0	CHALLENGING	397.4	1928.1	2772.5	118.0	83.3	265.0	18.41	18.39	18.451	0.061	1	4	6	2	5	0			388.0	1888.2	398.4	1933.0	406.7	1971.0	415.2	2019.0	416.3	2066.5	JH	NG	['CH', 'AE1', 'L', 'AH0', 'N', 'JH', 'IH0', 'NG']	6	5	[1974.5298752957447, 2959.178694377517],[374.4489421448725, 1987.6110829038253, 2906.9228005840087, 4240.328668765113],[397.44878188237107, 1928.1289915016696, 2772.548686336873, 3377.7520318899205, 4444.0563906147445],[398.20017993014915, 1834.5699231518113, 2462.1121608409744, 2978.227256777734, 3835.219233145673]	[433.1431500286388, 559.7863999588411],[498.1141595553876, 147.18937688359657, 197.88946877033817, 631.8735817472751],[118.036365918802, 83.28887700661402, 265.017955371524, 997.1553478200517, 1007.9730481123048],[119.2358855791228, 820.3168505889768, 414.67118325602917, 680.7356324302604, 887.6810688740268]
AE	1	YEAH	507.5	1726.1	2463.2	200.9	127.4	358.5	21.894	21.844	21.994	0.15	3	0	0	0	9	0			426.7	1780.6	513.5	1718.5	544.5	1652.1	553.3	1635.5	552.7	1644.2	Y		['Y', 'AE1']	1	5	[884.8937877160785, 2841.4075437687047],[517.7519756018215, 1832.1387364652408, 2866.5775990616744, 4462.903982025438],[507.4779022675986, 1726.1320707619723, 2463.15297338829, 4045.6270820204795],[479.0190832540652, 1336.9942338793878, 1760.3540238406963, 2527.1010187787874, 3920.838209167434, 4728.120291898444]	[1146.3555927337507, 805.8067558521142],[646.8959724015139, 254.1139137056779, 1384.1257869607573, 593.2977639270524],[200.908488660646, 127.4253802651997, 358.4847556445652, 387.5850880160085],[164.3671126593079, 1182.568188133665, 133.29912493346998, 211.97447197876315, 236.17386466430128, 437.2394954651533]	removed	unallowed
AY	1	I	778.1	1436.2	2849.6	101.2	103.3	102.7	24.333	24.235	24.435	0.2	41	0	0	0	0	0		s	586.4	1566.0	723.0	1455.6	777.7	1436.6	895.6	1490.3	875.4	1571.3			['AY1']	0	4	[1144.9842847326488, 2704.8967803339265],[778.0929973332236, 1436.155822877399, 2849.584534194295],[753.7453087221314, 1395.8940301182731, 2278.6363761090806, 2902.2357144396265, 4774.465453093783],[739.1069007203645, 1348.9024448047242, 1690.5711297054702, 2854.796612173359, 3277.5392489419296, 4734.094567870895]	[224.44312338304263, 501.8268018669823],[101.24326269817358, 103.25127364281653, 102.72262240966657],[51.411828279290745, 82.36784079500215, 1070.8722398093328, 101.6383252008943, 381.631676577029],[30.733548335671586, 120.96397517809393, 522.7219207016146, 101.28919903783544, 920.9699828400102, 192.24723965922476]	removed	unallowed
AE	1	HAVE	624.2	1680.5	2720.8	86.0	71.4	495.7	24.488	24.465	24.535	0.07	3	3	2	2	0	0			647.9	1699.1	621.5	1678.7	593.1	1655.5	577.6	1617.3	576.7	1555.1	HH	V	['HH', 'AE1', 'V']	1	5	[1578.0452737445507, 2992.2125944177515],[661.4332933063389, 1735.2631658718299, 3046.667879369049],[624.1607085966175, 1680.4529962838312, 2720.822108494877, 3333.472087003592],[605.255910662961, 1645.5509035673053, 1800.6512898971498, 2875.8741378504988, 3473.623465389865]	[405.8753816046053, 739.6254517606368],[302.0382771796883, 138.2078725738802, 230.28121656770182],[85.99998560499185, 71.39370575949994, 495.66270108262586, 481.9049394864108],[42.537067970961154, 337.0308240887212, 481.7787256812264, 238.99238407076794, 341.5587245518273]	removed	unallowed
OW	1	NO	564.9	1217.6	1877.4	109.6	109.9	273.4	24.681	24.664	24.734	0.07	63	0	0	0	4	0			560.4	1231.5	576.3	1181.9	599.3	1139.0	617.1	1114.6	627.7	1111.8	N		['N', 'OW1']	1	6	[1241.2381380147326, 3173.2055949088267],[846.8478636702114, 1417.6217232937336, 3198.0506899672996],[651.4134158720342, 1343.1729517184099, 2328.750851514492, 3188.4392320681573],[564.8990376924563, 1217.633345522768, 1877.407157167019, 3008.423018037732, 3282.3081026658156, 4527.783227305926]	[309.5609261994964, 294.08756213591477],[910.1910726661775, 511.3463113354408, 172.92910043450635],[363.36376486155734, 316.72140141074595, 985.3432864951302, 111.38759531609684],[109.64313709963331, 109.88283427754298, 273.35840353241355, 330.92387523909827, 199.18758824394743, 270.67444381101103]	removed	unallowed
AY	0	IDEA	650.0	1189.5	2061.6	57.0	67.0	305.7	24.751	24.734	24.824	0.09	41	1	4	2	0	2			650.0	1192.9	641.0	1251.5	620.9	1338.7	589.9	1435.6	557.8	1523.8		D	['AY0', 'D', 'IY1', 'AH0']	0	6	[1244.153642740193, 3077.052337959989],[890.8701308332886, 1394.919018364005, 2956.315974358826],[702.7173707762216, 1248.5876026328058, 2490.4072302648424, 3000.9954578774405, 4585.57365891114],[650.0392406587895, 1189.5301338649779, 2061.636088963963, 2928.6051780463745, 3303.650893842299, 4615.440854150079]	[405.0831765824443, 325.8134359428484],[411.6719953733902, 895.5264839222249, 118.4421197659256],[202.1989787450248, 219.69627216883927, 626.0364353260624, 111.66508447862296, 453.66889153170354],[57.008908456642665, 67.02106034640066, 305.73119151186654, 95.36161978793245, 518.7247878727795, 198.76653705833544]	removed	unallowed
IY	1	IDEA	423.4	1790.6	2151.2	127.3	207.8	1386.9	24.917	24.884	24.984	0.1	11	0	0	0	3	1			431.4	1774.9	422.0	1785.2	421.1	1700.1	408.9	1529.6	399.6	1351.6	D	AH0	['AY0', 'D', 'IY1', 'AH0']	2	6	[1856.5913320514792, 3195.9147238284427],[1688.6791901199747, 2815.697910577079],[435.25046591080195, 1792.5164976727538, 2387.577848706441, 3321.2951630784064, 4598.838180399213],[423.4411817497479, 1790.5631473916144, 2151.201344436906, 2454.6980763646534, 3354.7206608747824, 4605.989348383126]	[167.154960630986, 541.5828967819891],[1161.0905584636932, 1031.549689510195],[166.12554377948334, 55.0167911502681, 235.5581931083043, 103.77000195661032, 204.69302043346528],[127.34474715310644, 207.83568242353448, 1386.851225180915, 456.22074896547167, 96.85714128338341, 100.0616332354602]
AH	0	IDEA	505.2	1179.4	2513.4	252.9	150.2	285.5	24.994	24.984	25.014	0.03	6	0	0	0	0	0			505.2	1179.4	505.2	1179.4	520.8	1170.1	534.4	1165.8	534.4	1165.8	IY1		['AY0', 'D', 'IY1', 'AH0']	3	5	[1022.3784020482935, 3317.8716067530463],[1032.237971166477, 2616.1907039981893, 3388.4290574842057],[505.1874910117258, 1179.4225368584337, 2513.403729576083, 3378.888937949939, 4372.856026264117],[489.2378566639125, 1169.7324035906697, 2458.9780404349726, 2960.408825737838, 3669.710201736956]	[493.05251653150697, 399.1716874891452],[315.819704773403, 1675.6632641580636, 365.72763657029145],[252.8891061872739, 150.24668712474693, 285.5322005912922, 103.59666004150924, 369.3332208098898],[172.1630907169113, 97.12799146932221, 519.3229951467985, 1853.171531534681, 570.5136063538977]	removed	unallowed
AH	1	WHAT	537.1	1318.1	2443.9	122.0	69.6	268.9	25.071	25.054	25.104	0.05	6	1	4	1	9	0			539.4	1302.1	537.1	1318.1	502.9	1317.5	427.0	1285.1	378.8	1267.2	W	T	['W', 'AH1', 'T']	1	5	[1193.0773047436612, 3138.8316901486983],[827.5363387946421, 1602.8570963276795],[537.1363426656993, 1318.0847583173027, 2443.922818392473, 3356.2348374559638],[539.1140666544628, 1317.8058297327702, 2420.994783003739, 3317.8427413006384]	[590.9767645739554, 579.8032863203593],[924.8128748542478, 1037.4574847115205],[122.04098593241147, 69.62012496522645, 268.9039771695787, 168.40714846752596],[118.75397222536839, 62.73104037625859, 252.87160336099402, 956.7384031624305]	removed	unallowed
EY	1	THEY	457.7	1848.9	2103.0	104.4	76.9	1107.4	25.216	25.174	25.274	0.1	22	0	0	0	3	0			449.4	1804.3	455.0	1840.5	455.4	1854.9	441.2	1891.1	417.5	1821.4	DH		['DH', 'EY1']	1	6	[1924.5376565753832, 3145.18659360065],[1914.9493121343162, 2135.4145219997804, 3258.9513480236],[475.21628933735565, 1855.591528757076, 2488.830098128484, 3360.545225524421],[457.7265719196005, 1848.929361057294, 2102.960343548513, 2583.913947113343, 3399.874779233039, 4703.741869016764]	[146.951759489254, 488.66279406898605],[380.8108378253092, 1595.1134950750525, 422.92299450896155],[186.3807445020228, 43.80046372536706, 220.28393201091708, 171.17842950825442],[104.43774738496256, 76.85475513481305, 1107.3972567343603, 341.5758036465104, 126.17779344438765, 381.9599966167545]
AH	0	SUSDISTWOFIVEEIGHT	364.6	1522.2	2432.2	198.3	103.8	1158.7	25.384	25.374	25.404	0.03	6	3	4	1	3	0			364.6	1522.2	364.6	1522.2	364.3	1518.2	359.4	1517.8	359.4	1517.8	S	S	['S', 'AH0', 'S']	1	6	[1588.9023270159132, 4055.863333841424],[1183.451096000977, 2999.78531507005],[363.57432791403284, 1534.09963934202, 2713.6430071588634, 3843.754534111833, 4690.5288071400955],[364.64187935642053, 1522.1653208588086, 2432.158352807135, 3236.669938738054, 4095.040307613935]	[512.3473235167891, 675.3762116433526],[520.2740168315945, 792.7091767652544],[266.9020311144599, 110.07989330040951, 599.3863126521563, 261.7921298480968, 198.0687802669848],[198.25558360326494, 103.79860689278648, 1158.742498463283, 1408.181720963746, 237.14466362895416]
