 , , M, , , , 

vowel	stress	word	F1	F2	F3	B1	B2	B3	t	beg	end	dur	cd	fm	fp	fv	ps	fs	style	glide	F1@20%	F2@20%	F1@35%	F2@35%	F1@50%	F2@50%	F1@65%	F2@65%	F1@80%	F2@80%	pPhone	fPhone	allPhones	index	nFormants	poles	bandwidths
AH	0	HELLO	535.3	1570.0	2399.3	92.5	133.4	359.0	13.3	13.29	13.32	0.03	6	5	4	2	0	1			535.3	1570.0	535.3	1570.0	530.0	1557.2	525.1	1531.0	525.1	1531.0	HH	L	['HH', 'AH0', 'L', 'OW1']	1	6	[597.8761251502859, 1988.0671650669258],[529.380124264968, 1657.9326283918663, 2820.7795852248605, 4672.692480957156],[510.53396620948564, 1549.0332787095645, 2437.4796364861886, 3193.207183329187, 4682.883629097837],[535.2886902219994, 1569.9508086434446, 2399.2998709986427, 3311.428368140409, 4664.53761896276]	[613.0664581158159, 750.8454913120358],[150.19703599556905, 266.7070726890168, 595.7017555163045, 353.52665165704906],[73.99377000768379, 234.50281439072197, 728.6170905191883, 1093.5904144391084, 264.75239465169227],[92.46234223350977, 133.44700480824628, 358.95932673267356, 555.7597936500346, 246.1093964918821]	removed	unallowed
OW	1	HELLO	531.1	1170.2	2418.9	44.9	109.6	157.0	13.447	13.421	13.651	0.23	63	0	0	0	7	0			535.7	1162.2	532.7	1142.5	525.3	1108.4	521.1	1082.7	479.9	1046.0	L		['HH', 'AH0', 'L', 'OW1']	3	6	[718.2938252099752, 2655.10998198302],[621.2087141032225, 1307.1329324480037, 2715.6813545148048],[528.7875668437775, 1180.69373571284, 2450.249845369879, 3292.283959477682, 4681.811476669917],[531.130276819112, 1170.2042342121754, 2418.9430171745917, 3027.6695434149706, 3932.425077379304]	[422.1320709381761, 748.8389160706703],[365.8095340952932, 1164.4702164085406, 456.0509730247741],[57.31655971733592, 127.96266406747449, 148.6957446765633, 363.5182472993336, 312.6135279920688],[44.90575213912312, 109.57260130116468, 156.99304822983868, 2297.4336629889763, 432.9840276779609]	removed	unallowed
AE	1	YEAH	539.8	1148.0	2242.3	170.1	60.5	191.0	18.263	18.25	18.29	0.04	3	0	0	0	9	0			536.4	1146.9	543.5	1149.3	565.2	1161.0	578.3	1177.2	582.2	1183.0	Y		['Y', 'AE1']	1	5	[1020.5548548002091, 2475.349267712771],[762.9134463727542, 1626.0672840879758, 3042.031273041025],[539.8168421154472, 1148.0082021088967, 2242.3049907035293, 3367.0025029738085, 4287.814614123758],[540.5395353210532, 1146.7560113717016, 2185.2611319268, 3090.88805003747, 3928.0168063740475]	[434.1182380035471, 1858.785349785495],[753.1669424166491, 514.5643209956563, 842.8444527277431],[170.11123917578593, 60.481936387612684, 191.00618295811805, 469.5627615744502, 656.1943586780958],[122.56399088122076, 36.7508687855456, 123.68784802967023, 320.90654868142434, 335.1826615809287]	removed	unallowed
AE	1	YEAH	456.2	1682.7	2406.4	78.2	55.6	226.6	20.521	20.441	20.681	0.24	3	0	0	0	9	0			434.4	1717.4	455.9	1680.7	469.9	1634.1	484.1	1606.1	494.6	1591.6	Y		['Y', 'AE1']	1	5	[1734.1466693483394, 2656.9833840588312],[462.6896398653654, 1747.5855081439304, 2676.0471298538027, 4345.625823885177],[456.22819930794446, 1682.65622812303, 2406.4138905765303, 3278.3718675069763, 4485.512429829155],[449.31031943545037, 1427.2151931582835, 2166.5428086524653, 3017.707501988727, 4090.08465747813]	[419.4232050068646, 1215.4471009899323],[503.3971130084964, 157.15864508477384, 374.8008489047715, 678.6590470620577],[78.15017590658078, 55.5695240595264, 226.61450092667852, 591.492078932699, 492.9262127460843],[460.62996239164175, 1115.3543304259838, 112.22126737529088, 251.0707263582282, 300.26050610979723]	removed	unallowed
AH	1	UH	558.9	1249.0	2241.0	61.0	183.1	370.1	32.456	32.346	32.675	0.329	6	0	0	0	0	0			537.8	1257.5	561.3	1235.1	576.3	1212.4	573.4	1169.8	529.5	1213.3			['AH1']	0	5	[855.4593008586519, 2994.060465409231],[662.0098953363733, 1617.8162867009405, 3124.3667905021243],[558.9021594515779, 1248.9612477642104, 2240.9937245976735, 3172.3543874858497, 4672.610137275261],[550.692690509888, 1199.594950350353, 2114.928503274273, 3004.8745019011035, 3209.03480459351, 4689.0736111795795]	[456.39122519998614, 552.051669375448],[251.72104714527887, 633.9641159920182, 207.19894361459035],[61.002950732342036, 183.08734547016059, 370.0841395836032, 75.54287690756527, 426.6576121913298],[36.384183510898296, 126.29566840360867, 302.6085531449077, 1489.0315097788, 889.6073600397426, 429.603260548768]	removed	unallowed
AA	1	CAUSE	422.5	1445.5	2466.0	130.6	104.9	105.5	32.798	32.785	32.825	0.04	5	3	4	2	6	0			423.0	1446.0	422.0	1445.1	421.9	1441.3	422.4	1431.7	421.8	1429.4	K	Z	['K', 'AA1', 'Z']	1	5	[1278.527265546279, 2746.6791359114136],[1267.0368522836166, 2510.89529160478, 3468.956015134044],[422.47041290391724, 1445.520115854573, 2465.9913463441903, 3354.4944248515153, 4530.854414604884],[445.5903742793954, 1459.7101173174658, 2458.4124541895335, 3295.451033599885, 4098.247750023331]	[1804.0735077524341, 1159.3248929336564],[709.2912771695352, 664.2914134851654, 1168.7905550984854],[130.58354227439412, 104.9216290570651, 105.54622059550724, 214.24698004907182, 715.941174066702],[170.86496326534652, 76.93972992350224, 70.44515992055759, 207.2023192000842, 680.3501461152197]
AY	1	I	604.9	1315.6	2297.1	31.6	150.2	142.3	32.957	32.865	33.145	0.28	41	0	0	0	0	0		s	585.9	1330.3	603.6	1321.5	586.5	1400.8	519.8	1445.6	487.4	1370.1			['AY1']	0	6	[903.227285738948, 2515.775556402804],[1213.9031075319485, 2511.308243970354, 3748.9554715550803],[610.3793731068494, 1354.282725160268, 2351.660210410447, 3084.3856322051106, 4759.843790272901],[604.9178214127112, 1315.6405866901007, 2297.1362564815117, 3038.8402270922916]	[1164.4272973988116, 1210.3648116594675],[551.9402083551017, 471.34732710143277, 933.126765922521],[53.373688528054046, 248.64177156321526, 210.8421850996256, 139.11512108772936, 278.77808429116357],[31.610477279218472, 150.24459126065284, 142.32121300638212, 101.0672246234157]	removed	unallowed
UH	1	WOULD	388.9	1363.8	1754.1	163.3	241.1	181.0	33.189	33.175	33.216	0.041	7	1	4	2	9	0			390.6	1355.4	388.9	1363.8	379.7	1394.9	371.8	1418.0	370.0	1420.4	W	D	['W', 'UH1', 'D']	1	6	[1572.5106022398077, 2987.873162586388],[499.2751888937738, 1702.2290845252987, 3011.5679941412045],[417.92684429236874, 1589.1724540369867, 2324.552118191672, 3334.2781105266895],[388.919203896734, 1363.7767133204802, 1754.1280270838397, 2750.16396771923, 3525.16683744849, 4516.255895186558]	[282.6368976910247, 1160.641361893403],[899.8789137866811, 249.77956511287474, 765.4796225775154],[744.4942836977481, 211.68737923459454, 1131.014475392904, 1020.4855243686169],[163.25782308779762, 241.13847565761228, 180.96983116543845, 245.83231050820822, 398.59713220353063, 448.6350518818738]
AH	1	RATHER	602.7	1277.8	2325.7	25.1	187.5	233.0	33.348	33.295	33.455	0.16	6	3	3	2	7	1			570.5	1311.0	603.1	1271.7	598.3	1252.8	579.9	1236.8	553.6	1248.5	R	DH	['R', 'AH1', 'DH', 'ER0']	1	5	[692.1022549096929, 2732.3050788510327],[638.3163450260939, 1763.0008640668966, 2969.1994353306613],[602.6670474417217, 1277.7788183269122, 2325.7393537920184, 3063.316230880845, 4601.75233917982],[600.7053964444443, 1254.704754639568, 2275.49176208657, 3041.150821217342, 4425.570255926025]	[218.23496496050836, 1248.0095145925798],[97.7355335425678, 704.5437683480051, 242.9059618888871],[25.10641769718851, 187.54217861835576, 233.03266276705736, 87.4078120848489, 376.481836160725],[17.679066265650935, 132.16430336185599, 180.56845008342435, 79.31778391049393, 804.7780787642399]	removed	unallowed
ER	0	RATHER	354.4	1579.6	2272.0	104.9	153.2	2205.5	33.522	33.506	33.555	0.049	94	0	0	0	3	0			359.2	1569.6	353.4	1581.4	346.3	1583.9	338.6	1560.6	332.5	1527.4	DH		['R', 'AH1', 'DH', 'ER0']	3	6	[1967.793316303153, 3325.532201448719],[1339.165520261171, 2463.633810045593],[357.8676902604675, 1592.4134224910063, 2464.987332725265, 3373.9874142661665, 4409.194477963103],[354.3529716582751, 1579.6190234951332, 2271.998901206525, 2630.5739040962762, 3536.5451526726306]	[611.4106650022811, 707.0360420660039],[1058.02718917197, 959.0272101910176],[124.44586265624908, 140.94426187390437, 131.50079047559467, 179.20585810469558, 800.0478045620252],[104.90763801521445, 153.21759945046801, 2205.5435508547585, 736.8470478112448, 497.9554091746476]
IY	0	BE	318.6	2005.4	2603.1	84.7	185.5	295.8	33.665	33.615	33.766	0.151	12	0	0	0	1	0			311.7	1969.6	319.6	2014.0	327.4	1995.1	345.4	1955.0	374.3	1895.9	B		['B', 'IY0']	1	5	[2305.0269367600185, 3574.0108463553997],[268.58730939557717, 2194.668247547103, 3079.7150360675646, 4091.4661188817595],[318.62512025140086, 2005.354241529709, 2603.1173764232435, 3524.5333289683886, 4527.165895883047],[321.90862206643396, 1775.4878825934536, 2362.4260236661216, 3169.9164850479538, 4113.970142122174]	[430.7306349160439, 1029.718533012185],[486.44837718261783, 230.83869918856337, 608.3013611563289, 926.4426240961819],[84.67282476076663, 185.45083511708256, 295.77432655184356, 422.7819520383125, 1116.5107306543982],[106.9101994667306, 1439.4419190446256, 196.78610010842087, 259.88503909156077, 677.5823514567932]
IH	1	IN	527.6	1848.1	2563.4	137.6	105.2	194.7	33.779	33.766	33.805	0.039	1	4	4	2	0	0			526.0	1848.2	529.2	1847.9	534.6	1845.2	535.7	1831.5	535.2	1823.5		N	['IH1', 'N']	0	6	[1405.1866112391028, 3008.9537861978897],[518.7386762939099, 2052.323482766047, 3353.75443190272],[486.9341102539812, 1831.290650039894, 2560.4114932911093, 3523.132039272517],[527.6179345638277, 1848.061930547741, 2563.4182199653656, 3495.4488625756157]	[984.3396060272622, 673.9271620007395],[385.10845435976694, 294.5977295849845, 489.4571730709634],[94.49246666493595, 207.53118687253496, 400.7368661316502, 191.330092835147],[137.59268130563356, 105.15740891379859, 194.6972786595955, 119.68883658536718]	removed	unallowed
EH	1	HELL	549.3	1535.9	2492.4	31.9	123.3	306.0	33.942	33.925	33.976	0.051	2	5	4	2	0	0			551.8	1556.4	548.6	1531.9	543.9	1506.3	539.0	1458.8	536.2	1423.6	HH	L	['HH', 'EH1', 'L']	1	5	[663.1920544214114, 2091.795817777232],[565.7933301866451, 1655.6572589871205, 2829.1093948381017],[549.3222596119581, 1535.8802171694335, 2492.378540343749, 3610.9449435299903],[554.359883031744, 1430.9392781910367, 2247.4861557599893, 3248.1608449871233]	[603.6647353016073, 925.57361471143],[112.87255763859037, 274.9015097983088, 514.7349228476284],[31.85121526662176, 123.2914965876793, 306.0108341695171, 612.033046005548],[37.64477111053944, 947.7505687593043, 184.1916130111024, 511.7306516141054]	removed	unallowed
AH	0	THAN	391.1	1562.6	2364.6	170.3	114.2	214.0	34.176	34.166	34.195	0.029	6	4	4	2	3	0			391.1	1562.6	391.1	1562.6	388.6	1561.8	379.1	1559.5	379.1	1559.5	DH	N	['DH', 'AH0', 'N']	1	5	[1680.6911849366886, 3160.267084460237],[1517.4968029772117, 2106.7351815917746],[391.1442014515871, 1562.6027120698882, 2364.6422707297706, 3424.6038247582724, 4656.580655827261],[421.9504383696338, 1582.231491914173, 2383.61807160058, 3412.298000409717, 4558.275651587951]	[501.98635043167104, 934.017040774302],[1246.1025366534197, 1005.7192923329541],[170.25748531235425, 114.24855209946617, 213.9956933895047, 163.8010875389614, 381.0140961212278],[274.4824104199116, 93.21384982359406, 148.46537741282674, 128.96328278448672, 485.13130323977435]
IY	0	BE	325.8	1985.2	2556.2	82.9	229.2	182.9	34.329	34.296	34.396	0.1	12	0	0	0	1	0			344.6	2007.1	324.7	1979.0	334.2	1962.3	363.3	2004.0	405.7	2013.7	B		['B', 'IY0']	1	5	[2401.281748628844, 3538.6846487642547],[268.32251339188065, 2291.722659662904, 3086.3497964305056, 4386.033152158502],[325.84911593947527, 1985.2400507044783, 2556.2308754939672, 3498.1624013738315],[326.3168472888456, 1210.5390801350786, 2059.010628713684, 2610.7561451687607, 3515.465045748039, 4571.386578624171]	[418.5568332690312, 1720.2548767218839],[561.67775123521, 261.7020061430726, 718.7885775754588, 1397.9319489101495],[82.90637765243517, 229.15797027859182, 182.93131767834075, 343.3602342838621],[113.63709005137349, 2168.121696448571, 172.1157440044239, 118.35817715850706, 129.15285391886252, 251.65709887352602]
AH	0	IN	481.1	1907.1	2518.3	206.8	369.5	488.4	34.406	34.396	34.425	0.029	6	4	4	2	0	0			503.6	2097.8	503.6	2097.8	502.3	2092.9	494.7	2084.3	494.7	2084.3		N	['AH0', 'N']	0	5	[1755.904846053028],[503.64946728807655, 2097.8224632124884, 3194.492901241692],[481.132959584843, 1907.063774405532, 2518.3374520205975, 3600.42844572996],[514.0921456235886, 1616.2057657321163, 2376.4579695077687, 3304.9109514324473]	[1509.7504365241482],[448.48942509597606, 296.69168786235747, 766.2332123562637],[206.82399751621185, 369.49037304734867, 488.440080055764, 438.44793012524934],[460.24607492138165, 513.740193137512, 290.84956592108415, 547.0821503806105]
EH	1	HEAVEN	565.7	1554.2	2214.8	53.7	147.6	773.0	34.569	34.546	34.616	0.07	2	3	2	2	0	1			563.3	1579.8	565.4	1546.5	560.0	1528.8	543.8	1491.1	526.7	1467.3	HH	V	['HH', 'EH1', 'V', 'AH0', 'N']	1	5	[658.0154516141816, 1783.4477145583128],[587.1580457815296, 1632.9938504338224, 2976.1911303704633],[565.6758307934633, 1554.217821393279, 2214.771866397073, 3369.0397357431025],[577.877033289553, 1554.8314490300386, 2229.3990241046235, 3255.6457902154666, 4370.995495266914]	[657.7810419619663, 592.1790420541042],[131.97490575582077, 162.59422570929493, 700.3001923376819],[53.7230454477392, 147.63652005952656, 773.0071307144718, 666.3536853607854],[60.6479948413661, 96.40456411565825, 421.42979022233857, 452.8001556562292, 802.6215823503464]	removed	unallowed
AH	0	HEAVEN	549.3	1644.5	2406.8	83.1	147.3	419.4	34.695	34.675	34.736	0.061	6	4	4	2	1	0			547.1	1634.2	548.5	1642.8	541.8	1635.8	538.7	1640.6	536.4	1649.5	V	N	['HH', 'EH1', 'V', 'AH0', 'N']	3	6	[589.5785730116625, 2052.350905230343, 4144.52356553291],[538.4707910309771, 1759.3280203522322, 3077.315530344672],[524.3412447920974, 1649.4659722830336, 2555.0710233689183, 3550.3228532524004],[549.2973628786044, 1644.534675962225, 2406.827585971277, 3344.1837531311367, 4290.473515687682]	[575.6373205048226, 809.7326880947719, 1555.2287959972884],[133.07278571525518, 283.9976559660579, 652.424864697059],[77.32633028198413, 279.38156130668614, 1062.3253482863388, 770.9272035095383],[83.10472042931666, 147.29120401759266, 419.3984161732695, 596.4806937072589, 831.8342325271469]	removed	unallowed
AH	1	UM	562.4	1245.3	2378.8	65.0	159.1	392.0	36.667	36.62	36.76	0.14	6	4	1	2	0	0			621.7	1369.3	563.5	1249.3	590.4	1215.5	579.1	1181.2	571.5	1186.6		M	['AH1', 'M']	0	6	[799.9152744031697, 2889.3242402348715],[613.761759828374, 1529.6641504200788, 3076.1967903119207],[559.7627883909183, 1247.0671419284986, 2425.000066422679, 3255.9465638352453],[562.3651632602109, 1245.345010019659, 2378.7543366527675, 3218.473145764328, 4432.440742359447]	[389.571077683101, 914.8218561468613],[208.51725531336484, 679.886276340858, 414.8321775351155],[67.67709537826742, 191.33400409035139, 518.934801708732, 313.50437601728555],[64.97151854576647, 159.1303292930786, 391.9646130420478, 262.8235906821026, 1246.8534633119507]	removed	unallowed
AH	0	JUST	411.1	1599.8	2551.8	168.8	100.1	141.8	36.924	36.911	36.951	0.04	6	3	4	1	5	3			410.0	1600.6	412.2	1599.1	419.8	1591.0	421.5	1579.0	421.0	1574.7	JH	S	['JH', 'AH0', 'S', 'T']	1	5	[1792.0907568841824, 2879.9635965695556],[1608.8246027455584, 2685.403182085223, 4226.148300779419],[411.13498190582015, 1599.8305544954942, 2551.755127745783, 3515.1604923784685, 4450.898696863058],[432.98224664493057, 1603.9895447970446, 2530.7350022139713, 3342.2317825334294, 4182.092654451347]	[986.1186052157226, 1172.9355782120467],[533.8484472050156, 449.82114570352985, 734.2874021779191],[168.7737721835913, 100.10150978268253, 141.78778743217777, 545.6393119430494, 616.6881664629965],[209.96960839215532, 72.91249319362082, 110.15501767431333, 484.004868159364, 542.3543807406317]
AA	1	CAUSE	430.4	1501.5	2494.4	149.3	161.7	101.3	37.14	37.13	37.161	0.031	5	3	4	2	6	0			430.4	1501.5	430.4	1501.5	433.1	1508.1	435.5	1513.2	435.5	1513.2	K	Z	['K', 'AA1', 'Z']	1	5	[1128.3303303253, 2439.0171501643263],[432.60790486950356, 1533.546398891251, 2538.0645646111743, 4488.561266536472],[430.36134076557755, 1501.5201566413195, 2494.404239156702, 4012.63336812247],[430.6126007530188, 1140.821588932004, 1765.1267148767834, 2757.2868967142895, 4037.8250772333586]	[1037.3484357549323, 517.8868006880784],[274.1308695832526, 315.0309236580835, 177.5736468696358, 499.2711498144825],[149.28913900990904, 161.73983556173172, 101.29631458024264, 684.990764519125],[160.3790131080622, 1535.0055122638507, 153.3174285182261, 204.4269561548904, 761.803038051741]
AH	1	UH	560.7	1299.9	2499.7	27.5	50.7	201.9	37.451	37.281	37.791	0.51	6	0	0	0	0	0			552.8	1351.5	560.3	1290.5	564.7	1299.4	568.0	1301.5	570.9	1320.6			['AH1']	0	5	[930.9288461265206, 2506.8673117740664],[583.1244082943033, 1359.3565020728283, 2709.5561732447904, 4586.935600941043],[560.7403686600977, 1299.867815515047, 2499.681878142289, 3365.9700606682313],[548.4165834235206, 1219.4581397177235, 1980.2907201077014, 2979.9626221194862, 4099.381730518306]	[479.52303226270516, 940.651740088425],[145.05474385635796, 215.1168520844538, 255.88906428762152, 776.8646489080595],[27.507676701687373, 50.670750058864854, 201.91821332637994, 717.2597270543129],[210.9947902886666, 989.4765609272057, 91.49467793690837, 254.10753266952645, 332.5126415953483]	removed	unallowed
AH	0	IT	447.0	1588.7	2411.9	187.8	302.5	440.3	40.164	40.154	40.184	0.03	6	1	4	1	0	0			480.7	1871.1	480.7	1871.1	475.0	1872.9	479.4	1887.8	479.4	1887.8		T	['AH0', 'T']	0	5	[1445.2035247351273],[480.70846204913033, 1871.1313151629895, 3228.163734936228],[447.0410629142663, 1588.7045556928963, 2411.858480303665, 3518.0745227429265, 4669.330936789746],[452.48805870936934, 1387.5022475177343, 1967.5626081623432, 2868.8325331979736, 3927.6898629575794]	[1298.4582237993047],[620.1007920762512, 529.1146169157545, 922.3593407476249],[187.7634166056561, 302.4944839244504, 440.25568078617, 452.57733230882286, 427.23424310318705],[367.34981917278367, 1316.4429155164146, 899.0600171941577, 370.2095450015623, 231.46330069721816]	removed	unallowed
IY	1	FEELDISTWOEIGHTTWO	548.7	1625.8	2546.5	664.4	593.8	614.4	40.274	40.264	40.294	0.03	11	5	4	2	1	0			548.7	1625.8	548.7	1625.8	520.5	1625.3	473.0	1621.9	473.0	1621.9	F	L	['F', 'IY1', 'L']	1	6	[1769.5033770753978],[1215.953106710254, 2684.1344403788303],[797.1626726516083, 2032.1150120156753, 2956.189859741401, 3831.49562266539],[548.680405170581, 1625.7707275551, 2546.5224024829613, 3446.7163951597286]	[2058.5485065442917],[1125.900588737067, 1161.2922596002038],[760.8264897212439, 803.5869596244228, 647.1317195431944, 448.9867478627642],[664.4012821586351, 593.7765162628772, 614.4364854257396, 456.33610170119124]	removed	unallowed
IH	1	IT	474.0	1547.3	2421.5	57.7	184.7	333.8	40.367	40.324	40.454	0.13	1	1	4	1	0	0			464.6	1604.3	475.3	1519.7	481.6	1421.7	502.4	1438.4	500.8	1421.7		T	['IH1', 'T']	0	5	[587.4879795083226, 2237.273558003921],[508.8237055370397, 1843.43099123493, 3186.4428564881437],[474.01836812761496, 1547.3155709855864, 2421.54807995338, 3527.8122651763056],[490.5874043672065, 1535.5375011774345, 2401.005352016403, 3439.4807541776645]	[966.963342559803, 1134.976529774448],[266.71979467680916, 411.07655154460224, 656.4365197053172],[57.69925659003136, 184.6957450227697, 333.80165040554436, 301.11535848654063],[249.55026778199834, 113.19928442033164, 184.54172221199562, 208.16316211499915]	removed	unallowed
IY	1	FEELS	432.2	1705.1	2376.7	125.6	181.6	148.3	40.681	40.665	40.714	0.049	11	5	4	2	1	3			432.0	1701.6	432.4	1705.8	432.9	1707.9	434.2	1695.3	436.6	1676.8	F	L	['F', 'IY1', 'L', 'Z']	1	5	[1996.570337651814, 3415.860134979251],[893.8930617942685, 2201.5042373329525],[432.23293285921636, 1705.1031840851783, 2376.703982495705, 3507.909675024451],[454.2049742323252, 1563.2107626135826, 2215.370015197658, 3198.844085407518, 4235.61376369363]	[595.8989352319938, 2131.352157329413],[1965.5800408239063, 457.9745525662453],[125.56848007615572, 181.6175912398662, 148.34462793198054, 299.45839547224216],[193.0382246178949, 1081.031912373804, 123.0508970577181, 188.28223470675093, 495.9772397233071]	removed	unallowed
EH	1	BETTER	495.8	1460.9	1916.0	16.7	74.8	2286.6	40.971	40.944	41.024	0.08	2	1	4	1	1	1			495.7	1457.3	495.7	1461.4	495.5	1465.2	496.0	1473.1	495.5	1486.1	B	T	['B', 'EH1', 'T', 'ER0']	1	6	[648.7540839522127, 2460.1721721777494],[541.8664445472004, 1750.1107538036697, 2703.633026248708],[496.82925293290674, 1461.9778334778155, 2425.7647267758202, 3283.4241992636685],[495.7819256621009, 1460.9142898588068, 1916.0447683809557, 2443.2112854571583, 3319.2276180260005, 4642.9380954338885]	[778.0418747500019, 647.3298696495277],[281.7864442456581, 679.313194354861, 481.01896743300364],[16.99599427575021, 54.52180559957842, 68.24788486322107, 196.2527985590279],[16.73295960478042, 74.79479946903865, 2286.588513674489, 71.66127522765872, 126.67324829435171, 262.73050250533794]	removed	unallowed
ER	0	BETTER	452.9	1529.7	1891.2	146.7	156.1	1168.5	41.091	41.054	41.165	0.111	94	0	0	0	3	0			473.8	1521.0	451.5	1528.2	458.7	1520.2	499.9	1532.6	513.3	1574.2	T		['B', 'EH1', 'T', 'ER0']	3	6	[1528.1700675936331, 2440.1285733121285],[482.5433283717568, 1591.8638159126826, 2469.2093788331713, 4000.5886528991805],[465.2023065783515, 1537.735301577439, 2309.826023117671, 3079.007617697167],[452.87749184865277, 1529.6917426138205, 1891.206061000334, 2474.145200405348, 3542.0676897738817]	[502.9439893640914, 756.8758518826135],[454.6872105950249, 193.67362728090154, 299.212796557061, 1084.5578041475264],[184.88188046098682, 126.03348519508575, 364.39570104662215, 847.3151610876188],[146.70989861418497, 156.1457063087802, 1168.4520848730963, 341.35107412728934, 809.2970139371587]	removed	unallowed
AH	0	IN	524.7	1625.7	2392.9	85.5	114.6	264.4	41.175	41.165	41.194	0.029	6	4	4	2	0	0			524.7	1625.7	524.7	1625.7	521.9	1626.8	519.2	1627.4	519.2	1627.4		N	['AH0', 'N']	0	5	[1219.6264764667221, 2213.885361306854],[550.4995857139216, 1705.0401455937244, 2578.989381550134, 4207.553040419842],[524.7205065902, 1625.6614746406128, 2392.932861324489, 3283.9672045047587],[534.5126142797161, 1627.4826713770694, 2370.8279569368997, 3104.564623037677, 4134.5705584142315]	[1073.543878159059, 837.4407857111198],[268.5135193517266, 199.42341542188603, 315.5417934182538, 1018.9592627313538],[85.51767353469822, 114.55264820249556, 264.4031457508629, 868.4272152689759],[97.08739996122311, 92.35265081794375, 230.0677696592688, 750.9037580493609, 1322.3000393130058]	removed	unallowed
EH	1	HELL	555.7	1548.8	2474.7	57.5	160.3	396.5	41.348	41.324	41.395	0.071	2	5	4	2	0	0			556.3	1601.6	555.4	1544.9	552.4	1517.1	549.7	1480.8	550.0	1419.5	HH	L	['HH', 'EH1', 'L']	1	5	[675.8982425742412, 2040.381284253808],[578.956019802821, 1669.5743954542322, 2809.1453968572396],[555.7219106378018, 1548.8254131882998, 2474.724516968637, 3580.0430267173438],[567.168116334334, 1516.4091343163225, 2211.9067250752655, 3142.448681940605, 4208.086760252861]	[642.7754909545939, 856.13837666082],[159.48299821032427, 288.1886230823809, 536.5776376271929],[57.46403411998875, 160.3159966814498, 396.48420396230097, 925.8227734551839],[69.9076266603419, 902.7370048042949, 235.89288169072512, 593.4566277822707, 373.5782135014658]	removed	unallowed
AH	0	IT'S	505.5	1401.5	2184.1	640.7	568.2	689.8	44.918	44.908	44.938	0.03	6	1	4	1	0	3			505.5	1401.5	505.5	1401.5	505.0	1415.7	514.1	1423.6	514.1	1423.6		T	['AH0', 'T', 'S']	0	6	[1311.6021777898902, 2801.962632565906],[1106.7535142515917, 2285.058365042008, 3641.1376432913075],[511.413194145328, 1498.1269991054564, 2349.9402179240833, 3390.1809564892633],[505.49542216847794, 1401.544263816579, 2184.125109857218, 3058.0587276546175, 3768.1502879387476]	[1371.8756349298812, 1275.2435889940584],[869.2406177918238, 865.9272139048132, 881.7664738307632],[666.9380456339832, 695.9307402611203, 612.0791063575256, 616.4255273698469],[640.682260165816, 568.2487246098493, 689.8398651863503, 871.3063460685485, 641.6900085957335]	removed	unallowed
AH	0	A	427.3	1406.7	2523.6	170.8	326.4	358.5	45.054	45.037	45.088	0.051	6	0	0	0	0	0			439.2	1433.2	423.1	1405.6	384.1	1364.8	348.0	1293.7	325.9	1276.1			['AH0']	0	6	[1129.0670548502367, 2880.454355912871],[427.68097720013947, 1527.8445937007366, 2929.573089609174],[408.7060015581561, 1397.3409006234701, 2599.6674914764585, 3383.5651529264637],[427.3275269768924, 1406.6523034684767, 2523.6166097867736, 3271.7920081855978, 4408.946982115719]	[1068.6263453173158, 998.998899822459],[453.23084247394036, 562.3636822603867, 472.24704107732964],[130.45093561715603, 204.00829470767988, 482.4793897945958, 755.8451916141722],[170.80120823251488, 326.41555115723094, 358.52579911526243, 572.7436743710624, 821.1462685878682]
EH	1	BETTER	515.0	1534.2	2428.5	23.2	91.4	209.6	45.185	45.158	45.238	0.08	2	1	4	1	1	1			515.2	1504.4	514.8	1537.2	514.7	1546.1	518.9	1525.7	519.5	1493.3	B	T	['B', 'EH1', 'T', 'ER0']	1	5	[584.8624982740522, 1984.6691149140668, 3521.0791408686764],[526.3111482949536, 1626.703166639466, 2663.74790512017, 4278.869327285127],[514.965278926208, 1534.1673782236205, 2428.506794853026, 3430.452809490151],[513.4488837123993, 1263.661243421328, 1558.096850029622, 2452.141171559488, 3383.310868158753, 4631.751972981391]	[491.1717429857057, 670.5891922763896, 2205.3101276618445],[86.75877816039723, 214.86028008105183, 357.3654162308525, 1070.5953031077388],[23.213514093158196, 91.43733839715847, 209.61036636240541, 485.84567244336574],[24.98198820393109, 1608.9179305245532, 108.52725655007929, 113.6551223524466, 201.0725015402552, 452.9884554337724]	removed	unallowed
ER	0	BETTER	552.1	1545.1	2521.7	91.8	146.1	562.8	45.297	45.267	45.358	0.091	94	0	0	0	3	0			548.6	1541.4	552.3	1544.9	554.5	1538.0	555.2	1525.0	555.0	1512.6	T		['B', 'EH1', 'T', 'ER0']	3	5	[654.3385769000248, 1815.081357369087],[557.7602300468553, 1567.3940592328333, 2615.5201141503417],[552.0852390382305, 1545.14008046794, 2521.6545929143876, 3601.811116768806],[549.3228316264539, 1500.5331872873116, 2026.856508901741, 2618.0101863471473, 3815.529722663538]	[674.8069732138179, 636.5273939737804],[115.2049954157094, 161.49170943517558, 423.74271379125986],[91.83810508225667, 146.07928904871721, 562.8405705941387, 1691.9674198853509],[85.53861212807507, 511.72262408090455, 1205.7268505611378, 499.4340843569242, 785.7394820197809]	removed	unallowed
AY	1	NIGHT'S	588.4	1409.5	2100.2	51.7	144.0	904.9	45.446	45.418	45.537	0.119	47	1	4	1	4	3			588.1	1400.1	585.6	1314.7	572.4	1061.9	499.6	901.9	536.0	1588.8	N	T	['N', 'AY1', 'T', 'S']	1	6	[1011.9266388725795, 2197.3014542956057],[602.5202523937692, 1488.3659173469098, 3027.4720633663583],[584.9619157365673, 1411.4842807979433, 2210.839189129197, 3246.367676349321],[588.429931378805, 1409.5455576897416, 2100.2112043000175, 3083.832935635158, 4044.9705282833947]	[888.9445538534402, 691.1351237412898],[98.94315853335665, 188.13229227530354, 557.5229964822654],[51.47211242041938, 171.72247289795442, 974.4238254158429, 519.342037288873],[51.72350721227147, 143.9916713260145, 904.9101731463398, 453.94315678592955, 1247.397111247744]	removed	unallowed
IY	1	SLEEP	309.5	2305.0	3201.9	200.2	143.4	797.6	45.801	45.758	45.888	0.13	11	1	1	1	8	0			325.9	2251.0	308.5	2305.8	305.4	2279.0	278.7	2232.0	559.4	2439.7	L	P	['S', 'L', 'IY1', 'P']	2	4	[2042.7482977533866],[309.5388439958531, 2305.0440044309876, 3201.8601202661494],[304.8868234595057, 2093.0327453460372, 2408.9107732762736, 3667.19265721482],[302.22509407531965, 1438.9469892904683, 2284.3728231104324, 2946.284152235255]	[280.06864023312005],[200.18151184384703, 143.38157287419708, 797.5937422098032],[83.50817585715012, 662.1315828956757, 311.6256970035239, 561.2203386350908],[212.3502080824598, 864.2529914956355, 193.14964000336357, 186.6680501957175]
OW	1	OH	618.6	1153.6	2733.8	39.6	278.9	309.0	52.489	52.47	52.629	0.159	63	0	0	0	0	0			625.5	1108.0	615.4	1083.4	605.3	1120.7	607.2	1081.2	568.7	1074.5			['OW1']	0	5	[744.3304634283344, 2903.447214984901],[651.3915366814183, 1199.589806023218, 2927.3111572374496],[618.6383604737173, 1153.6323432581476, 2733.8295699449873, 3288.185253098335, 4518.267034604535],[608.0828716950896, 1079.5484681711087, 2036.008916452984, 2903.0234829261444, 3618.3624161426183]	[134.21273590629917, 673.6625402750403],[83.05126513241943, 526.1382961413626, 254.2816097091278],[39.64799687450101, 278.9025348235281, 309.0393865246383, 581.4907897996542, 717.9583872506686],[274.7632924020955, 601.0947858510352, 1620.8666642039004, 321.24062469730853, 642.5481224949434]	removed	unallowed
AH	1	BUT	516.5	1242.6	2247.8	121.6	164.8	451.4	52.7	52.69	52.72	0.03	6	1	4	1	1	0			516.5	1242.6	516.5	1242.6	519.6	1245.9	523.4	1249.6	523.4	1249.6	B	T	['B', 'AH1', 'T']	1	6	[925.0463996489375, 2725.568247796818],[738.2509199577798, 1719.0213653742182, 2946.640577734296],[565.3613177696444, 1341.290733659646, 2590.9516453496117, 3080.916863397779, 4469.242172888448],[516.4863917735904, 1242.5580362517692, 2247.789786062613, 2937.4735396758388, 3818.936639102546]	[730.0405587698764, 863.6994316862997],[658.6471305461173, 1273.360136186815, 866.5384388149863],[290.1327601780502, 341.188758121745, 460.88262218834143, 1115.6405967781538, 479.05478358245716],[121.64575049152744, 164.7713155393505, 451.3608526478685, 323.01340604916896, 1244.2375941502314]	removed	unallowed
AY	1	I	636.6	1251.6	2485.3	31.0	139.9	454.4	52.793	52.75	52.859	0.109	41	0	0	0	0	0		s	626.4	1169.0	635.9	1224.0	636.2	1321.5	641.3	1410.8	645.2	1448.1			['AY1']	0	5	[866.0508780340581, 2642.264297485281],[664.5090043899924, 1414.87595086196, 2887.489579757481, 4035.599671453291],[636.6033333790311, 1251.6075675776515, 2485.3119643220075, 3138.4390029914266, 4353.317676353089],[636.4062070750417, 1234.100809406624, 1999.6667416666432, 2675.1928891023517, 3375.0912003331277]	[380.91388563630557, 1225.1575503819136],[84.09849431226071, 823.4730624337332, 255.0063627627561, 919.9184277336357],[31.007721090995425, 139.9382100134113, 454.3762599221191, 440.26373586478326, 355.2904296023883],[30.07787745723876, 162.949390614809, 2496.732122495877, 386.3187989548013, 385.6010842986507]	removed	unallowed
AE	1	CAN'T	570.0	2078.5	2590.3	82.6	149.0	1195.4	53.072	53.019	53.179	0.16	33	4	4	2	6	3			558.9	2081.7	571.5	2075.1	591.3	2062.4	596.8	2047.3	586.1	1410.2	K	N	['K', 'AE1', 'N', 'T']	1	6	[1637.2407309526027, 3052.7668539900387],[555.314306388805, 2163.1009500131, 3209.8513304723106, 4136.595728507112],[555.5072477566603, 2106.515559755118, 3092.813381627432, 3671.2182802581056],[569.9748174551039, 2078.4868150861535, 2590.2978428381048, 3144.7084048716615, 3778.4454762368114]	[1423.2761949406115, 740.7595015677845],[137.49621146650313, 207.195211680157, 172.11096871664557, 754.3054282203407],[91.640442428605, 117.8017726064886, 165.75138483853112, 374.71230497275593],[82.58995646670242, 149.03899453178192, 1195.4299697884087, 168.28844945294222, 285.1216570161113]	removed	unallowed
AE	1	AND	596.0	1780.4	2853.6	136.1	400.8	532.7	53.497	53.46	53.57	0.11	3	4	4	2	0	0			777.7	1730.9	588.0	1779.7	570.3	1759.5	588.5	1812.0	572.7	1764.2		N	['AE1', 'N']	0	5	[727.1762031813219, 2664.0144855550407, 4005.0397142847823],[634.988177192329, 2015.110518367642, 3273.65167844561],[596.0447320844124, 1780.3904216789, 2853.6347051308603, 3768.349873421111],[570.0412619761648, 1466.8810374197365, 2056.151974186388, 3010.4757948838187, 3806.9704054932436]	[673.2352646386956, 1139.520038031107, 1052.6636211013877],[242.2137572349083, 538.153674286162, 579.9338917802834],[136.13954122509386, 400.8047244659366, 532.7423603604697, 574.519274864642],[92.78301902645728, 719.2194140648312, 508.7433856439961, 394.7377790524479, 406.86346095952746]	removed	unallowed
IY	1	SLEEP	355.9	2007.4	2582.6	102.4	171.2	270.5	53.807	53.77	53.88	0.11	11	1	1	1	8	0			355.0	1881.2	355.6	2015.4	347.2	2128.4	336.9	2073.3	322.1	1908.8	L	P	['S', 'L', 'IY1', 'P']	2	5	[2185.775656654352, 3164.4372530448177],[346.31829738938404, 2304.9153527475482],[355.8862555422225, 2007.4187812892633, 2582.610229301486, 3363.067922824322],[370.0592911498168, 2020.4946466486374, 2596.2771195067376, 3362.376255963124]	[438.36177973029334, 633.3804112130678],[783.2630500209468, 238.31434105303998],[102.43754401999075, 171.23149675446126, 270.496369016097, 187.68176075349325],[158.50495668973383, 124.95893942042068, 198.30891200486556, 142.20809676963546]
IH	1	IS	358.8	1688.1	2514.4	102.6	172.8	250.0	53.92	53.91	53.94	0.03	1	3	4	2	0	0			358.8	1688.1	358.8	1688.1	355.8	1680.1	353.6	1673.8	353.6	1673.8		Z	['IH1', 'Z']	0	6	[2084.2902225488338, 3200.3172355984866],[502.46267608511255, 2206.056427594982, 3255.3226421625386],[360.2388139353589, 1717.4940145027215, 2572.5309650453014, 3337.698099724665, 4397.049449187774],[358.787204320266, 1688.1495934731718, 2514.3837933596164, 3281.30802181654, 4278.974109555681]	[1112.5847311653567, 986.7307544370586],[842.4940597753089, 547.1194200974973, 592.5153445075817],[137.20495548730017, 205.78634792939928, 262.30239075386913, 249.49339557559296, 355.79093205449453],[102.59961984506742, 172.80766301444578, 250.03097626967008, 265.9296275537752, 918.0571812305751]
IH	2	IMPORTANT	457.6	1678.1	2564.1	165.2	85.2	627.4	54.037	54.02	54.07	0.05	1	4	1	2	0	5			455.6	1678.8	457.6	1678.1	465.5	1677.9	477.5	1672.5	489.8	1650.8		M	['IH2', 'M', 'P', 'AO1', 'R', 'T', 'AH0', 'N', 'T']	0	6	[1704.4146514871647, 3325.6245379345414],[384.833703580559, 1747.9051572182157, 3264.3279498420866, 3959.8003774694353],[456.27723513610175, 1692.6319301665199, 2867.1768143428053, 3333.0506311486265, 4223.109607900109],[457.62551466520074, 1678.1354218300642, 2564.1249259521196, 3287.1340753473237, 3874.469148547892]	[431.4270016032315, 166.24915953232642],[859.7684017914994, 239.83331567244764, 157.5503681222221, 852.605806087806],[198.89082275160771, 100.90290113607598, 827.2534392989011, 190.60951497164075, 827.2624105327665],[165.24831974874826, 85.21574636140569, 627.4100646352493, 125.65464702158567, 495.1409558106866]	removed	unallowed
AO	1	IMPORTANT	474.5	861.4	2335.1	184.7	157.5	195.4	54.243	54.2	54.33	0.13	64	6	4	2	1	4			449.2	796.9	477.3	866.8	490.3	946.7	494.5	1023.3	500.5	1129.8	P	R	['IH2', 'M', 'P', 'AO1', 'R', 'T', 'AH0', 'N', 'T']	3	6	[641.4150760747704, 2754.54752429598],[703.146194801312, 2555.8131505342753, 3747.847438645536],[547.3641161395107, 793.3135242071118, 2405.8899608332063, 3302.265092374568, 4394.041444728797],[474.52335456649394, 861.4225532853624, 2335.1361749596144, 3191.7013867420583, 4111.291797520963]	[180.1315023362925, 1107.937730945358],[179.4591534571025, 559.4293915843497, 716.1958441757829],[438.21521510059233, 346.1317712790803, 255.7426176815599, 312.87809816801007, 354.62291769974485],[184.7192073070751, 157.49391058746892, 195.4115403521728, 299.60306200486576, 678.5594009388581]	removed	unallowed
AH	0	IMPORTANT	549.3	1656.7	2721.1	69.5	246.9	1347.0	54.443	54.43	54.47	0.04	6	4	4	2	3	3			550.2	1655.8	548.1	1657.3	539.0	1649.3	526.7	1634.4	523.5	1630.4	T	N	['IH2', 'M', 'P', 'AO1', 'R', 'T', 'AH0', 'N', 'T']	6	6	[600.1954851865039, 2959.521032951417],[536.1162552723445, 1732.3521327620724, 3228.4733564823364, 4377.345868678016],[536.9713641896608, 1692.386842051548, 3101.463056526681, 3700.920726992976],[549.2537647017857, 1656.6549991058755, 2721.1239306996035, 3190.738316147154, 3856.2773294000554]	[366.15792152050506, 1623.8416873146534],[86.60410043509715, 442.6571985834764, 305.509189492059, 1151.7451241009016],[75.68104076615424, 316.54356190938626, 388.1415284008443, 734.9131452432758],[69.49555737971379, 246.93568526750522, 1347.0416244300636, 448.5227772394989, 769.7357463268918]	removed	unallowed
UW	1	TO	423.7	1570.5	2529.7	148.6	143.8	509.4	55.377	55.37	55.73	0.36	73	0	0	0	3	0			478.7	1533.9	493.0	1490.4	492.3	1465.3	472.6	1407.1	432.3	1397.4	T		['T', 'UW1']	1	5	[1570.3628120918584, 3270.321321897656],[394.3584222737673, 1687.947233058954, 3189.1972194675427],[423.67326250076104, 1570.4698708187564, 2529.659071504481, 3604.7214452749668],[429.07158178760443, 1527.155146775886, 2048.346569770968, 3026.9279319949833]	[688.4356500823518, 1613.2319617379178],[725.8273847862348, 393.12084250900824, 791.7666141000868],[148.64956347820117, 143.81606684443906, 509.41335285560046, 571.1754693563797],[173.22402968647606, 1143.1502066616065, 578.5727797931786, 494.07445434278475]
UW	1	TO	435.7	1535.7	2677.7	245.7	159.5	477.3	55.899	55.89	56.04	0.15	73	0	0	0	3	0			434.1	1462.0	452.7	1415.8	454.8	1314.9	442.0	1191.3	413.8	1119.0	T		['T', 'UW1']	1	5	[1554.6901544664388, 3365.811038976457],[762.9876285614124, 2028.2301247703276, 3531.026294795064],[435.70506690639166, 1535.6894760194295, 2677.6776420311035, 3590.0412257199555, 4711.813409716091],[472.08788562495107, 1538.7424721011755, 2586.3619147889676, 3407.3869035507546, 4351.3172919723265]	[884.3618925501522, 1514.493526370035],[664.2193951682752, 528.5017471451312, 771.2966378480306],[245.72811372829858, 159.53706133565282, 477.267837306904, 710.1107176968175, 443.94169797101813],[263.1095387861787, 112.32551039704833, 321.20401043768044, 659.9529704700115, 518.0823067507207]	removed	unallowed
IH	1	LIVE	425.7	1623.0	2623.8	91.1	100.6	87.2	56.143	56.1	56.23	0.13	1	3	2	2	7	0			431.5	1566.1	425.3	1625.3	428.6	1641.7	428.7	1633.1	428.4	1569.8	L	V	['L', 'IH1', 'V']	1	5	[1542.5645230479122, 2689.2987861669826],[370.72444277904384, 1721.7595674771758, 2719.1786481256872, 4414.642665354597],[425.6811123291398, 1622.9764294958638, 2623.77405772698, 3587.2599670516747],[420.8296433264241, 1614.0607708458576, 2095.8437081637953, 2632.251235671024, 3606.7253238478834]	[1333.943588873598, 480.12102630518666],[776.5739823322696, 586.9735972046786, 236.02107246091091, 743.9549415853239],[91.09782938496669, 100.57094317837523, 87.22443194836069, 617.2428649344608],[74.683718560493, 123.37212566714926, 2749.7419144782803, 87.50088066710448, 477.99421458213345]
AH	1	UH	558.3	1310.4	1946.5	53.8	98.0	2106.4	57.497	57.417	57.656	0.239	6	0	0	0	0	0			550.8	1334.6	558.2	1303.7	562.2	1285.1	559.1	1303.3	549.7	1366.1			['AH1']	0	6	[968.0532824958605, 2800.788232476157],[738.1143356841005, 1550.3544405544121, 3192.456064897704],[563.1172795335951, 1318.735524810077, 2498.5726325751098, 3368.68252373051],[558.326587701773, 1310.4308088075913, 1946.4764689648568, 2540.877220827867, 3382.232466503928, 4622.183221721996]	[662.8662244315055, 896.6474781157376],[576.9645899192614, 992.8255820637414, 421.42170076718924],[59.50937840649022, 82.66777600633237, 213.08863585218637, 138.71335860038053],[53.81475109465072, 97.97844222255026, 2106.408936521277, 226.9459977126441, 98.44639715222704, 518.1235838899679]	removed	unallowed
UW	1	TO	425.6	1560.8	2445.9	181.5	182.8	935.6	57.765	57.757	57.926	0.169	73	0	0	0	3	0			438.4	1455.8	449.9	1368.1	425.0	1447.7	407.1	1384.6	363.2	1393.1	T		['T', 'UW1']	1	6	[1755.5538832345317, 3896.4927060063374],[918.5432522406531, 2104.625430922065, 3407.9920564701333],[429.8155257582887, 1587.0332580134045, 2648.3911137978, 3882.9171148302366],[425.56852574662656, 1560.763434760574, 2445.885853294817, 3013.3433955740566, 3981.842266783241]	[959.6628822673318, 1250.2785640347329],[969.177994263752, 929.1097215746672, 1182.5460589850213],[249.00352844954682, 190.2827951161841, 404.48210157770694, 512.82748005029],[181.48484989319087, 182.79605478983024, 935.5955080227347, 924.2890732798919, 379.49013579203114]
AE	1	YEAH	499.1	1614.9	2527.7	41.6	159.9	424.4	58.3	58.246	58.407	0.161	3	0	0	0	9	0			482.2	1652.6	502.0	1613.2	537.3	1627.3	558.5	1629.8	548.9	1578.8	Y		['Y', 'AE1']	1	5	[960.0757891006807, 2881.6817866073898],[526.9391313076655, 1836.8844722232516, 3168.1685519889347],[499.0544437725377, 1614.8931213215035, 2527.7343325042425, 3352.759486064423],[502.3668795910178, 1093.592594533629, 1661.5991746823843, 2626.0167046687607, 3395.1521627896223, 4639.973605085574]	[1321.2667270767336, 1072.4535135418619],[200.57883367680196, 345.42489950969883, 343.22654936654163],[41.637616094472314, 159.88395896453352, 424.375761643405, 249.46162477292023],[57.87423494293151, 2528.252596938091, 145.13049613180098, 221.62717180032598, 113.03302050153454, 288.3120459009211]	removed	unallowed
OW	1	SO	504.6	1148.3	2054.0	54.7	131.7	1869.8	59.312	59.271	59.511	0.24	63	0	0	0	3	0			509.4	1121.7	511.6	1071.4	498.4	1018.9	467.8	991.2	489.4	814.8	S		['S', 'OW1']	1	6	[735.4176726947167, 2521.825454862362, 3233.2767724812775],[853.6353688608975, 2632.982187570389, 3419.1728903050725],[520.379506448114, 1122.6515599508712, 2602.506629111352, 3379.616542175625, 4389.785714196269],[504.60569857728353, 1148.2738107448934, 2053.990047271466, 2628.41133005932, 3416.599422806014, 4360.475910911094]	[331.97128158868765, 2606.0272259183594, 583.4585354571251],[272.9759982870579, 702.187461362805, 499.3000398687288],[103.53098408608979, 111.07941805584741, 114.1419658021219, 127.06876363093347, 732.4934589220294],[54.66824777981031, 131.6823778307555, 1869.7883794148336, 137.9490052119107, 94.63174566256525, 411.87674336897356]	removed	unallowed
ER	0	FOR	517.2	1456.2	2248.2	40.7	141.9	249.5	60.69	60.667	60.736	0.069	94	0	0	0	1	0			512.9	1447.9	517.8	1458.5	525.3	1491.1	528.1	1551.6	528.0	1592.6	F		['F', 'ER0']	1	5	[668.0844488139273, 2146.6087354611946],[550.0380719990212, 1655.4407023018812, 2653.73982202048, 4596.363656785159],[517.1763613165449, 1456.2173012354795, 2248.1523763097002, 3119.146358781266, 4571.097187701616],[516.0137631526622, 1455.6099378793049, 2081.3312465859062, 2443.76824703967, 3483.344628670571]	[790.8615282498614, 789.5397900718693],[190.16924440376343, 356.62132792750083, 502.55382296785405, 1112.7446630063198],[40.67149925027213, 141.94759235418593, 249.54196312765856, 398.74676552089664, 394.7109193617548],[40.92675074592755, 165.66715049836202, 2369.833625005337, 301.98767455386786, 393.2208505948213]	removed	unallowed
EH	1	HEALTH	549.9	1386.1	2418.7	31.8	80.7	159.3	60.787	60.777	60.806	0.029	2	5	4	2	0	3			549.9	1386.1	549.9	1386.1	550.1	1381.8	550.7	1365.5	550.7	1365.5	HH	L	['HH', 'EH1', 'L', 'TH']	1	5	[840.7882856013279, 3033.9084701517168],[628.6637957262224, 1710.5973140391582, 3215.0615531588965],[549.8758271559118, 1386.080992158733, 2418.660365601726, 3372.8589699385407, 4595.540573935104],[551.8063228938277, 1387.2855160323386, 1890.136245664901, 2753.0140022035052, 3763.6008576738113]	[800.9293944034695, 1281.1436971189366],[328.76775807644117, 697.4945750904043, 516.1659133389934],[31.801500351518854, 80.73275729476295, 159.29650874675065, 116.2353745722828, 374.95052855363355],[40.944339636509966, 291.6786916908992, 2230.9186753338313, 125.48749968636118, 128.39228633701114]	removed	unallowed
AH	0	AND	500.0	1499.6	2322.3	141.8	423.8	435.7	60.946	60.936	60.966	0.03	6	4	4	2	0	0			500.0	1499.6	500.0	1499.6	496.0	1509.7	492.4	1518.3	492.4	1518.3		N	['AH0', 'N']	0	5	[576.3799302022189, 2105.7425408925355, 3644.101838389073],[572.37285148626, 1958.3580632589528, 3485.0948134595096],[499.98504772859667, 1499.617701476785, 2322.276178591171, 3495.5539984630027, 4553.184544936634],[492.6224170724544, 1430.1398708091635, 2170.689430609037, 2853.2051340831026, 3781.9023034721927]	[782.5564231286461, 991.4638699922342, 619.3210486837269],[441.5353144926284, 552.324388744508, 504.3125327033506],[141.8028943306187, 423.8107345312275, 435.74939155442155, 251.89335419436847, 1226.4367013235712],[128.28158085685337, 476.9161707888045, 951.5193883680248, 1013.7044760666837, 697.1393653671117]	removed	unallowed
EY	1	SAFETY	489.7	1746.9	2459.8	57.9	186.0	361.7	61.111	61.096	61.186	0.09	21	3	2	1	3	4			489.6	1753.1	484.9	1785.5	467.2	1790.0	439.3	1860.9	397.6	1958.5	S	F	['S', 'EY1', 'F', 'T', 'IY0']	1	5	[1193.0661560537576, 2251.919536675596],[512.6191764368881, 1897.6879781270604, 2821.798309548147],[489.67593235495457, 1746.8609736607893, 2459.821577592067, 3326.0356145346173],[484.9500150735185, 1462.6511959612606, 1791.057499009046, 2531.559137409262, 3463.2353249171424]	[1970.886529021613, 721.3992457725725],[256.01881313395415, 272.9271817594174, 521.1609349929939],[57.91561192084276, 186.0147755478175, 361.6605901686213, 754.9721935352328],[56.7869417514095, 1545.7462533899163, 190.63484291749387, 221.22253502023287, 334.0678776748217]	removed	unallowed
IY	0	SAFETY	310.5	2169.8	2565.0	107.4	267.7	704.6	61.347	61.277	61.486	0.209	12	0	0	0	3	0			310.4	2151.1	310.5	2164.7	316.7	2185.5	363.8	2080.2	493.1	1777.0	T		['S', 'EY1', 'F', 'T', 'IY0']	4	5	[2322.633433806776, 3427.6085981765546],[295.3539719374588, 2266.6085505193705, 3218.5454455014024],[310.50657159525673, 2169.755842542677, 2565.0163756596735, 3418.4241217713266],[303.7857189940811, 1267.4120799907091, 2186.267574630962, 2762.083117837095, 3519.2081778155034, 4586.928502820379]	[461.4170479419583, 1500.9215160225017],[358.60358488322726, 147.52636620071667, 425.9070995878651],[107.44151207211779, 267.727073624217, 704.6418730295204, 455.43148860542436],[113.10280485388644, 1455.4937313259672, 106.96530961237994, 238.18454018015044, 150.07863344411214, 191.64006027951953]
AY	1	I	617.1	1448.8	2400.9	51.6	177.5	214.1	61.519	61.486	61.557	0.071	41	0	0	0	0	0		m	606.8	1412.0	614.3	1406.2	617.0	1452.9	615.1	1487.7	610.5	1511.7			['AY1']	0	6	[752.7094433082732, 2555.800077518031],[649.2773385795049, 1708.506622808885, 2855.886143509405, 4604.699438914735],[609.2740015882333, 1415.7079212148433, 2386.0086870157584, 3146.3246198146876, 4544.492939861262],[617.1489451247982, 1448.8442999191736, 2400.9488699591557, 3147.0033085103682, 4522.022476592818]	[414.10732118444764, 815.2140890718905],[154.45853770523405, 542.9619237874716, 424.5119102061217, 1417.1065060013466],[43.2823112302986, 203.39859022911992, 299.2012008239601, 292.59497189662005, 465.8647621846204],[51.61691526353745, 177.5468158626846, 214.08128106383776, 216.08653191208802, 437.5757464731429]	removed	unallowed
AE	1	HAVE	583.9	1486.4	2383.8	54.7	196.2	707.1	61.6	61.587	61.626	0.039	3	3	2	2	0	0			584.9	1484.8	582.9	1487.3	577.9	1483.9	571.9	1482.2	569.7	1481.5	HH	V	['HH', 'AE1', 'V']	1	5	[784.7899451833781, 2398.9925537532627],[618.4133250123007, 1673.8123669304262, 2904.667692422131],[583.8963972571804, 1486.3895786821554, 2383.8348975038066, 3202.6058731925154],[594.2009695342158, 1485.9531048080005, 2248.721651619713, 3076.9558702719646, 3956.4064715547374]	[590.1542470367267, 939.9356452785381],[167.27515940075654, 409.9482577780102, 422.6728752141521],[54.73463241578773, 196.175747181285, 707.1367710125324, 447.41219051084227],[59.99898903188272, 516.8104243119418, 424.30099116990596, 585.803644079012, 752.9858883122081]	removed	unallowed
IH	0	TO	610.0	1844.2	2735.3	289.9	403.5	634.7	61.716	61.706	61.736	0.03	1	0	0	0	3	0			610.0	1844.2	610.0	1844.2	601.7	1835.8	604.4	1829.2	604.4	1829.2	T		['T', 'IH0']	1	5	[1352.7975179160626],[677.6554413935404, 2081.0363987056126, 3201.3556426047976],[610.0329489493986, 1844.2256362364142, 2735.2851302845934, 3757.401615184066],[580.7664364588554, 1551.186144799257, 2029.1666641600716, 2921.7382394690662, 3874.451344910256]	[1688.7563880888029],[735.1438072166605, 620.7328978920539, 879.9126742354463],[289.94899560914126, 403.4983535581523, 634.7498779537138, 1011.3543802909128],[270.6137590454207, 1363.2867876271628, 426.2119322893587, 421.9491979218037, 477.1573070467982]	removed	unallowed
IY	1	SLEEP	309.2	1910.9	2466.5	90.1	208.7	339.9	61.913	61.886	61.966	0.08	11	1	1	1	8	0			319.3	1879.6	309.2	1912.1	318.1	1906.4	357.4	1874.7	385.6	1801.7	L	P	['S', 'L', 'IY1', 'P']	2	5	[2157.089540724509, 3732.2320557538537],[562.9366241645208, 2303.086197757773],[309.2446292160021, 1910.9217686644674, 2466.5353248585643, 3469.0193205577893, 4563.7834953618385],[309.42215103258775, 1501.8952815185994, 2045.3669426954032, 2714.4483200103437, 3695.0508767234896]	[496.5634228920704, 1241.5845810936264],[449.4923922457206, 236.90921506995582],[90.14700804653938, 208.74949189048868, 339.9044194978633, 306.52010324833327, 602.9736665542448],[111.11845617444493, 2305.115907119043, 199.49429182378233, 258.962355391129, 215.72692055131498]
AH	0	AND	488.2	1815.0	2432.9	158.1	247.3	703.1	62.05	62.037	62.077	0.04	6	4	4	2	0	0			487.2	1813.9	489.3	1815.4	496.7	1811.5	494.0	1823.3	491.1	1827.5		N	['AH0', 'N']	0	5	[1288.327330993121, 2880.0459543855313],[520.2921676840241, 1951.3034873420997, 3362.9757622066104, 3933.7485661302067],[488.19424940371573, 1815.0098574891213, 2432.893925152131, 3434.1522471043136],[500.03941703203003, 1636.388599415053, 2332.719602661135, 3274.64868607615, 4139.322234615673]	[895.7204945591808, 387.8303442995516],[450.7757957763161, 236.762333645937, 368.46807634009247, 2571.578246447085],[158.13213718259908, 247.32209810529793, 703.1365928404905, 173.92225431667353],[375.0464380730945, 679.8254952292757, 456.67917432050587, 199.31226616291292, 1331.2575785242943]
AH	0	IT'S	676.7	1549.9	2400.4	641.8	809.3	410.8	62.848	62.838	62.868	0.03	6	1	4	1	0	3			866.1	2049.9	866.1	2049.9	798.8	2027.9	733.2	2004.4	733.2	2004.4		T	['AH0', 'T', 'S']	0	6	[1540.8443810132171],[782.8591250858358, 2189.871042499686, 3356.0227793918816],[866.1082317268551, 2049.88308516331, 2904.9955208304136, 3948.552745239469],[676.738436737266, 1549.9429951413426, 2400.423539793216, 3253.374663426773]	[1280.2737590172403],[881.7619476696553, 811.7257485826739, 840.19552670413],[595.0726125943813, 701.0506687945142, 656.6911555759003, 1002.9631584040882],[641.8454234690389, 809.2968036007576, 410.7644538255736, 576.9792604322178]	removed	unallowed
EH	1	BETDISTWOEIGHTTHREE	507.9	1617.8	2489.4	30.4	113.2	169.9	63.074	63.048	63.127	0.079	2	1	4	1	1	0			494.1	1590.6	512.6	1621.0	524.0	1630.6	515.5	1639.6	502.0	1661.0	B	T	['B', 'EH1', 'T']	1	5	[578.0438941977777, 2161.0618538126364, 3355.965712593201],[534.9183024600377, 1832.117787312728, 2994.2186023247755, 3848.882410117614],[507.88269457689574, 1617.7522791171455, 2489.403790412509, 3431.5553381852687],[506.11084022712635, 1607.2471496055825, 2264.2914220390203, 2856.510835283166, 3443.188221241264]	[548.4885289834693, 675.5744646959212, 1055.0272510588638],[195.60926014339347, 385.6832370992147, 674.4962504268234, 1278.7254456608616],[30.42246697857075, 113.21222162186838, 169.92646992434774, 188.53570884790014],[25.35250149501917, 126.46562754877512, 932.6988248902686, 1724.4745550405696, 184.1679340002265]	removed	unallowed
AH	0	IT'S	472.8	1758.5	2600.6	82.1	121.3	223.9	63.17	63.157	63.197	0.04	6	1	4	1	0	3			473.9	1756.5	471.8	1760.0	467.2	1760.0	463.6	1758.4	462.5	1760.1		T	['AH0', 'T', 'S']	0	5	[1105.939133541797, 2787.0065449418366],[471.1613659888556, 1965.1827518230652, 3099.121146185477, 3805.544767655457],[472.8179205572784, 1758.463928490059, 2600.5620180615874, 3616.8333207087044],[478.5273445464586, 1744.7947855257644, 2410.0366589340947, 3313.7262073750626]	[1037.8783937677051, 719.1948913264413],[647.4002190454411, 435.59870605052566, 976.6324924784524, 684.3294026423381],[82.14740217840043, 121.25390122065045, 223.88646837801016, 183.95104465264143],[87.32531981509179, 504.1653586595345, 751.5188866013774, 459.1438506750955]	removed	unallowed
EH	1	BETTER	524.5	1563.1	1926.4	38.7	119.8	2767.5	63.414	63.387	63.468	0.081	2	1	4	1	1	1			516.2	1555.7	525.8	1563.7	542.3	1494.2	549.4	1469.7	548.1	1541.8	B	T	['B', 'EH1', 'T', 'ER0']	1	6	[597.1677146080222, 1954.1720093018812, 3424.471132527129],[560.8704807744206, 1753.518073876639, 3030.706307745081, 4303.54476654058],[525.2544198147245, 1560.1549735603435, 2418.663935906164, 3366.584886460389],[524.5312145716998, 1563.0823933268684, 1926.3805781336732, 2593.495767621648]	[906.8876800204217, 983.0047358370197, 1120.0251642160588],[237.33539476554802, 336.44894193498527, 554.0348061702182, 1944.1749957506534],[38.60004184703743, 108.55084593442578, 262.2510850499356, 235.6323209676323],[38.69577626004596, 119.84584041213775, 2767.5137038555304, 242.24823045059966]	removed	unallowed
ER	0	BETTER	455.2	1585.8	2332.1	114.2	111.0	291.9	63.527	63.497	63.588	0.091	94	0	0	0	3	0			462.9	1570.9	454.5	1588.9	451.0	1602.4	439.5	1610.2	435.9	1654.8	T		['B', 'EH1', 'T', 'ER0']	3	5	[1621.4101887492477, 2494.8325156526234],[472.33600424055476, 1679.6672379148065, 2618.377564860924, 4274.157175080219],[455.1507787781494, 1585.7895403109135, 2332.056761887754, 3210.2982646941036],[456.44013127899234, 1412.3686287622145, 1853.613729993867, 2595.4258020694147, 3555.0418972338457]	[667.2033886717093, 1145.448682797109],[476.4507288152428, 239.63751672709665, 438.2914221145751, 1447.51649832608],[114.23753333828981, 111.03403066720129, 291.9118305078218, 593.301107592282],[125.24717540445099, 1709.3480396199716, 320.02490537912183, 566.4737698503831, 674.7564592143613]	removed	unallowed
AH	0	TO	426.1	1665.7	2631.7	134.5	126.4	338.5	63.644	63.627	63.677	0.05	6	0	0	0	3	0			421.1	1667.9	426.1	1665.7	435.9	1661.2	438.2	1653.8	437.6	1652.9	T		['T', 'AH0']	1	5	[1650.3425762213765, 2814.549452968917],[419.1863375911302, 1754.7691045248723, 2799.5634380188458, 4139.527027422709],[426.1267160443777, 1665.6570146812862, 2631.725642187962, 3137.357863703182],[426.0539039274203, 1659.1394293015867, 2450.2966490336707, 2921.1387677996954, 3874.4743155716606]	[642.619901254793, 467.44713668398174],[523.9699166815049, 264.21790112304376, 208.5755505139014, 948.4870266745239],[134.45979214420083, 126.44886177696827, 338.5092705339092, 645.7267384309098],[126.81583654112781, 122.32785315202665, 1180.8562746369837, 653.1735443932017, 1019.4836873018143]
IY	1	SLEEP	320.7	2024.4	2571.2	99.0	172.8	274.5	63.901	63.857	63.988	0.131	11	1	1	1	8	0			331.8	1830.9	320.1	2042.8	313.2	2153.7	313.2	2135.6	327.4	1966.7	L	P	['S', 'L', 'IY1', 'P']	2	5	[2276.9668212691463, 4044.2239897357754],[304.2972832410534, 2162.6570036827743, 2901.4862936225977, 4258.910656475615],[320.7171550300441, 2024.419196392216, 2571.1686629606793, 3837.242270686828],[317.212999616931, 1304.2723559128128, 2048.4814550910837, 2603.2475044465923, 3749.388410489175, 4643.170904192216]	[278.33707550276176, 1247.1450203015643],[356.66950054982277, 205.64533533048836, 783.2892215159121, 621.4520438277049],[98.96456058524322, 172.75337044154415, 274.4797838328144, 391.05795177200906],[95.35535090992992, 1891.9619707570937, 134.0369886644006, 182.41966346390737, 265.5968155645651, 600.8560083643721]
AA	1	AWESOME	607.8	1069.6	2121.6	56.3	125.3	566.7	74.91	74.847	75.037	0.19	53	3	4	1	0	1			612.3	1073.7	608.0	1066.5	626.9	1039.4	613.2	1050.2	628.4	1088.4		S	['AA1', 'S', 'AH0', 'M']	0	6	[739.3010453212372, 1455.9252842892984],[633.3666655476835, 1139.2843622191385, 2891.1107171441176, 4581.732382373233],[605.53611549099, 1065.9269142596397, 2179.5676464681333, 3285.7464472541933, 4598.091675322181],[607.7567328899139, 1069.5933442280027, 2121.5886443984828, 3201.185587226126, 4535.03035660674]	[200.7557749927294, 1854.7409217042484],[110.57142167907548, 279.75104682751385, 753.097167593478, 535.6510900238854],[59.28492579575137, 143.56391416762318, 785.6225219674861, 634.3499985615193, 272.4971513299981],[56.32034528956257, 125.34029043007888, 566.6734233958977, 443.653254275081, 405.39494814818033]	removed	unallowed
AH	0	AWESOME	573.7	1578.0	2738.2	217.9	984.7	907.5	75.199	75.186	75.226	0.04	6	4	1	2	3	0			572.8	1565.3	574.6	1591.7	580.2	1646.5	586.7	1636.0	593.0	1634.1	S	M	['AA1', 'S', 'AH0', 'M']	2	5	[594.3681468885178, 2525.7394873290655],[575.2267352438752, 1768.528210560282, 3158.7573400790425],[573.6735743313618, 1577.9861144552215, 2738.1631834892173, 3839.5717931963854],[559.413097151647, 1132.0285779569067, 2088.0684448268994, 3018.7407557764254, 3975.642544383858]	[273.0871354572754, 1456.2315900347267],[237.21225816234903, 1434.177611408639, 1240.013910364238],[217.9441103356048, 984.6554369552605, 907.4839794443957, 826.8521534468101],[209.11721750499456, 1105.3658003705445, 820.2828282559212, 637.0254669267483, 522.4009346658866]	removed	unallowed
AE	1	YEAH	526.2	1809.6	3152.9	105.5	218.4	201.4	87.177	87.144	87.243	0.099	3	0	0	0	9	0			514.8	1835.2	527.5	1803.8	542.0	1756.3	567.0	1683.7	576.0	1601.3	Y		['Y', 'AE1']	1	4	[564.5010281941417, 2082.0716958116186, 3333.249321527471],[526.1558776030022, 1809.6026636771273, 3152.8795758059837],[507.4293222940385, 1614.749758075794, 2290.1877313416753, 3216.5776159788206],[504.94318482635236, 1569.173926091919, 2158.1541293183564, 2770.5268803835934, 3246.429591411557]	[593.0727892508473, 1155.8224322903202, 656.191038359622],[105.54147633619849, 218.36202197137453, 201.4354896606821],[24.441810977565716, 180.25702244533176, 434.5932251664632, 103.29702649162114],[17.236556345642203, 220.45351039771725, 516.1926624058881, 1638.174073563691, 475.1463304628211]	removed	unallowed
AO	2	ALRIGHT	562.0	1349.7	2000.0	46.6	162.4	582.4	87.253	87.243	87.273	0.03	53	5	4	2	0	1			562.0	1349.7	562.0	1349.7	561.9	1342.0	561.5	1334.4	561.5	1334.4		L	['AO2', 'L', 'R', 'AY1', 'T']	0	6	[1152.7929434634293, 2798.7167947657504],[633.8318257531446, 1586.7761720552453, 2973.6327042949683],[573.0016689971163, 1399.7282077000214, 2221.1957775416536, 3097.468732936364, 4599.990722100094],[562.0271074982936, 1349.6685424719806, 1999.9521544250547, 2637.1595236278913, 3142.5439180319586, 4610.2339569735805]	[635.3854011004123, 779.0660984058007],[272.2619521763568, 333.64255741043036, 313.6524081556226],[70.46518293230498, 144.66945484978385, 356.9827166717173, 124.5333945063644, 271.383157160423],[46.601455926334445, 162.41863574962656, 582.4377267444812, 934.9541056221616, 187.1953981152956, 137.14826228962065]	removed	unallowed
AY	1	ALRIGHT	608.8	1278.0	2073.7	88.9	121.2	518.6	87.369	87.333	87.454	0.121	47	1	4	1	7	0		s	600.4	1251.1	606.0	1298.4	596.1	1350.2	577.8	1386.5	557.2	1443.2	R	T	['AO2', 'L', 'R', 'AY1', 'T']	3	6	[1200.9805236246332, 2769.7897796640013],[805.175126546103, 1495.9682223941563, 2913.9996144536335],[629.3484272652223, 1313.9634762961402, 2220.952411594443, 2999.42438220726, 4628.520280386534],[608.8117166224353, 1277.9857114309616, 2073.684882579476, 2673.5490585406515, 3012.1400071005546, 4624.339142250758]	[337.402962418615, 440.4927682022024],[541.1688959267601, 541.0360674632927, 233.55138573918978],[134.60528234909722, 135.32493154776267, 346.6586787713735, 101.19240971613752, 362.9461690019195],[88.91707285292443, 121.17896802399866, 518.5570600511096, 1279.7611683341718, 165.80008641007032, 220.39981964513413]	removed	unallowed
