 , , M, , , , 

vowel	stress	word	F1	F2	F3	B1	B2	B3	t	beg	end	dur	cd	fm	fp	fv	ps	fs	style	glide	F1@20%	F2@20%	F1@35%	F2@35%	F1@50%	F2@50%	F1@65%	F2@65%	F1@80%	F2@80%	pPhone	fPhone	allPhones	index	nFormants	poles	bandwidths
AH	1	WHAT	500.2	1306.4	2406.4	25.4	63.4	286.8	14.969	14.932	15.042	0.11	6	1	4	1	9	0			507.8	1282.4	500.8	1310.6	510.5	1361.2	500.3	1388.9	507.1	1430.8	W	T	['W', 'AH1', 'T']	1	5	[612.6528656275939, 1444.808035119259, 3610.7926197413412],[536.6591765207804, 1449.60436656019, 3461.859895270079],[500.2224485906204, 1306.3966109449386, 2406.3582961666643, 3552.189953740408],[503.97765671577736, 1081.0915019998915, 1916.838457635236, 3011.6166773804825]	[674.904602334342, 1145.6509680667525, 287.97714364739375],[211.73445972605336, 344.42005312493586, 279.76635907625763],[25.37836885491316, 63.38220781160885, 286.8117399068624, 77.82875553187438],[35.620287609801125, 1646.198080338013, 140.36860092951895, 129.29144352028837]	removed	unallowed
AH	1	UM	614.1	1265.7	2450.0	64.8	44.9	849.3	18.165	18.025	18.445	0.42	6	4	1	2	0	0			549.0	1236.8	619.7	1229.2	614.7	1161.2	608.5	1218.4	602.5	1186.4		M	['AH1', 'M']	0	6	[828.2922331316254, 1125.6307378279498, 3364.5313425867494],[627.0893931594373, 1294.4629769641194, 3280.395210831675],[606.0661549117124, 1267.842428635941, 2714.2904692685256, 3404.049271110854],[614.0830804172161, 1265.7174346588397, 2450.0445099047697, 3044.106218457059, 3431.0475133327523]	[1086.1507353568434, 596.606322096313, 180.7151226812126],[192.0017667590273, 173.66100646882347, 279.76557480330393],[72.61018350488726, 60.16915011849467, 390.4536036999892, 75.06638867833945],[64.83390754092834, 44.93078416522023, 849.2977467789747, 763.8665913252894, 113.76781600903479]	removed	unallowed
IH	1	ITDISTWOEIGHTNINE	466.9	1484.2	2152.1	60.9	627.7	1109.5	20.428	20.385	20.515	0.13	1	1	4	1	0	0			598.0	1572.2	467.9	1456.7	457.5	1128.1	424.5	1288.5	396.8	1279.8		T	['IH1', 'T']	0	6	[526.1177408610403, 2660.8063814883167],[500.2402232845832, 2144.243296075603, 3092.766725213657],[476.88608910347926, 1630.8224361797993, 2675.189246272618, 3718.2342236397208],[466.90600689576064, 1484.2163410678645, 2152.1451706781804, 2886.3656698349573, 3903.641346345203]	[420.74442307114526, 705.8932536012537],[184.41775469650972, 826.2259626050393, 965.4411221664345],[82.63636169225332, 504.16857030534766, 409.68897123018303, 774.467934001191],[60.9118588616827, 627.742463801142, 1109.455355619094, 531.3829167123652, 577.3432961320235]	removed	unallowed
AA	1	HONESTLY	707.3	1256.1	1797.9	103.1	53.1	1522.0	21.062	21.015	21.155	0.14	5	4	4	2	0	2			679.6	1261.9	709.5	1251.8	738.9	1242.7	700.2	1111.9	668.8	1168.3		N	['AA1', 'N', 'AH0', 'S', 'L', 'IY0']	0	6	[1153.9735226735522, 3174.3338014601322],[947.9987932215749, 1477.2078232762863, 3165.257971838297],[741.4696573108565, 1269.724847116632, 2833.0529979474545, 3334.63998123622],[707.3265890010819, 1256.1129830287894, 1797.885825803364, 2880.6611718489526, 3351.691116906786]	[140.48227753359185, 237.75731483793135],[471.0258451306006, 717.6099137990512, 134.61334999477748],[152.64446456969657, 50.85079481940499, 234.402978317134, 108.19365544163863],[103.11903892778011, 53.077785295679284, 1522.039626946449, 202.71696884693364, 97.52015906577097]	removed	unallowed
AH	0	HONESTLY	485.1	1275.9	2317.9	155.0	85.0	608.8	21.215	21.205	21.235	0.03	6	3	4	1	4	1			485.1	1275.9	485.1	1275.9	493.3	1284.4	493.7	1290.1	493.7	1290.1	N	S	['AA1', 'N', 'AH0', 'S', 'L', 'IY0']	2	6	[964.9858215002962, 1681.165093566166],[514.3919937046144, 1319.1529978091048, 3035.897250347898, 3701.999544119859],[489.2305864365146, 1292.8555154918001, 2675.826973500352, 3380.1947889383637],[485.12191525242247, 1275.920318010043, 2317.8960474145147, 3138.7118330285234, 3693.0698024963367]	[1613.5402719517735, 1194.2720447782556],[619.7921031218254, 283.19652862454245, 442.3151254711457, 202.425819843665],[235.99764894208593, 128.13560630969874, 718.5265398109133, 597.8190790223147],[155.01153220109228, 84.98215467730499, 608.8437705968408, 361.9079547319002, 108.38611335506371]	removed	unallowed
IY	0	HONESTLY	354.7	1932.8	2883.7	215.7	269.1	429.9	21.435	21.375	21.555	0.18	12	0	0	0	8	0			348.8	1838.5	355.6	1941.1	354.2	2018.4	356.5	2095.9	414.6	2149.2	L		['AA1', 'N', 'AH0', 'S', 'L', 'IY0']	5	4	[2198.164755205704],[354.69389222902913, 1932.823432493958, 2883.709129063003, 4341.837593173471],[348.9734405188013, 1776.1901564671884, 2559.3274606012833, 3503.9165110091285],[348.1763128579015, 1772.6776536480163, 1872.797241009697, 2574.1574375320856, 3507.1586730901968]	[1426.4187060246124],[215.68149124280626, 269.08674355338485, 429.91910955441745, 1094.874594087127],[22.106165529424487, 72.13403635128384, 146.5581364785915, 268.5285854644277],[19.804020689500195, 438.8623624823194, 2381.42152635286, 141.78989645669094, 210.40805989304255]
IH	1	IT	421.3	1783.9	2502.0	46.2	302.4	255.3	21.585	21.555	21.644	0.089	1	1	4	1	0	0			415.5	1813.8	420.8	1785.1	412.6	1832.6	405.4	1900.7	396.6	2013.8		T	['IH1', 'T']	0	5	[431.5159076746552, 2372.437279767076],[436.9398423595417, 2156.6469716384668, 2776.8590515816154],[421.30104386986983, 1783.8825293475395, 2501.9865196333258, 3630.6360387991062],[422.92867305722194, 1730.9451841539837, 2301.9840597010125, 3180.384174507423, 4371.376910782202]	[507.3592428938953, 317.5506682449451],[171.8709530573418, 446.8831763749194, 796.403451234674],[46.16306430417008, 302.3680041081697, 255.28257826399386, 920.5891853566034],[50.342339167969065, 638.4382850641891, 474.83391928254923, 562.9355401322172, 326.9457131170387]
IH	1	KINDA	730.5	1418.8	2396.1	152.3	197.4	597.9	21.738	21.715	21.785	0.07	1	4	4	2	6	4			698.8	1464.6	729.8	1412.9	701.1	1359.5	705.9	1360.8	743.3	1376.5	K	N	['K', 'IH1', 'N', 'D', 'AH0']	1	5	[1094.8482035873653, 1617.4957572642702, 3165.5493112733297],[881.963928850036, 1664.8451966472953, 3141.3936239580494],[730.5335489912612, 1418.8308330421755, 2396.054577031878, 3173.804496677959],[758.0651972472901, 1435.9662793558268, 2373.606122197295, 3166.045356338659, 3882.245388418203]	[586.6214694050657, 1679.639588754466, 210.26427489651402],[390.21552789509195, 495.1987253665177, 134.38074672651078],[152.30724865752484, 197.37952753012192, 597.9029901045606, 85.32225883665038],[145.81966098219425, 153.42902747566123, 391.37302884310054, 77.04628927414934, 1274.9515672448445]	removed	unallowed
AH	0	KINDA	447.0	1488.4	2483.7	270.8	294.7	870.1	21.845	21.835	21.865	0.03	6	0	0	0	3	0			447.0	1488.4	447.0	1488.4	439.5	1478.0	425.9	1466.2	425.9	1466.2	D		['K', 'IH1', 'N', 'D', 'AH0']	4	6	[1258.8794884898598, 3531.960739612761],[585.0832669676457, 2016.7043736418138],[432.2220178270535, 1523.058791728296, 2670.3595709514, 3596.405265383533, 4445.3811120070595],[447.00517927250235, 1488.4378597216992, 2483.6873595082907, 3270.651714516629, 4149.106760202871]	[1305.8763388581876, 1476.333407241114],[878.5355940838097, 900.2215768042131],[295.60883968059784, 407.5068846600571, 719.5300623928467, 795.1870205968409, 591.8825241102458],[270.81881519854414, 294.68208290212493, 870.1026152579484, 546.4086254203258, 389.3191441950454]	removed	unallowed
AH	1	SUCKS	569.2	1353.9	2779.3	142.5	97.7	213.3	22.101	22.024	22.255	0.231	6	1	6	1	3	3			531.4	1340.0	560.7	1366.1	443.5	1348.9	575.0	1323.0	466.6	1360.2	S	K	['S', 'AH1', 'K', 'S']	1	5	[1170.4321571420476, 3133.3429768691167],[669.1290238778842, 1492.672154128468, 3158.065073894177],[569.1549196437182, 1353.8528600731079, 2779.3418569872033, 3676.9821387050597],[562.3090462902039, 1015.7231749148358, 1834.4192080747423, 3027.5826337631906, 3948.709279427486]	[486.6623616348955, 655.9864507766567],[670.1690150695908, 455.05126064241244, 487.0033297142408],[142.5150514672359, 97.66411892558413, 213.25572316352867, 385.96638448278856],[619.1197609926639, 1052.7774498142078, 283.72530436032247, 126.38518849859678, 354.9599760515988]	removed	unallowed
UW	1	DUDE	310.6	1955.3	2325.5	63.2	143.6	1120.9	22.451	22.415	22.524	0.109	82	1	4	2	3	0			310.4	1914.7	312.3	1958.0	321.3	1970.4	313.6	1959.5	298.7	1952.6	D	D	['D', 'UW1', 'D']	1	6	[2230.7897115626783, 3154.7455501708673],[280.8060112228323, 2167.3128730594813, 2948.4410886467813],[307.8800445366419, 1950.4343157015899, 2364.5583730891176, 3309.6439373625994],[310.5878236747145, 1955.2710462688344, 2325.5069332754983, 3094.7925739865855, 4280.556424632657]	[226.8975445826892, 2075.018820194472],[422.41462142235514, 136.2288000296092, 628.3453684941458],[51.50222307981287, 173.43065263919456, 154.26527120426138, 271.0043556165998],[63.21442463101894, 143.57705373743204, 1120.912642842844, 210.09937229349924, 1111.539698728834]
AA	1	CAUSE	386.9	1641.9	2390.8	27.3	93.0	162.3	22.695	22.685	22.715	0.03	5	3	4	2	6	0			386.9	1641.9	386.9	1641.9	387.9	1640.1	388.5	1636.6	388.5	1636.6	K	Z	['K', 'AA1', 'Z']	1	5	[899.9409559872197, 2223.688376282486],[392.768775286545, 1690.6321675335719, 2435.16428483264, 4294.11227544111],[386.8999097654545, 1641.8721707401244, 2390.8067215759484, 2781.5177295501544, 4377.735309497309],[386.3159327621963, 1605.7445022820411, 1775.1038310082115, 2398.0152713231873, 3112.8695299040137, 4420.678633920937]	[906.4416222269365, 371.7154043848284],[77.54376406278388, 113.6537927900622, 98.16650425830119, 539.6006352351902],[27.304630802919355, 92.96450368364185, 162.31849471178987, 1295.7111426059555, 467.27583903705244],[27.318540046587877, 946.85743003035, 1550.9239567017792, 127.29294823330383, 1041.0347785283861, 296.0756895713631]
AY	1	LIKE	584.4	1439.9	2563.2	158.6	82.5	464.0	23.428	23.404	23.505	0.101	47	1	6	1	7	0		s	579.3	1374.6	584.0	1470.9	556.3	1596.0	490.9	1686.2	456.3	1760.4	L	K	['L', 'AY1', 'K']	1	5	[902.8292588337266, 2118.1584354340735],[609.8106982075716, 1473.052738779441, 3011.246767921876, 3901.971131172923],[584.3529676782185, 1439.8806559436932, 2563.175681054627, 3361.3223306762984],[587.2026326381316, 1389.5445053936915, 2448.094252208271, 2840.7550495845394, 3441.462651979563]	[1135.5467025677476, 658.1444789413617],[332.715087385288, 157.05961798889265, 446.90179290283646, 1775.840658846968],[158.55784694812687, 82.47491541984597, 464.0340292566736, 258.33042030401344],[131.80252521013787, 63.48444653691386, 874.1921953148657, 1195.2500751908278, 338.59398066825224]	removed	unallowed
AY	1	LIKE	695.2	1401.8	1843.6	53.0	52.3	1375.1	24.782	24.736	24.837	0.101	47	1	6	1	7	0		s	687.6	1318.0	691.3	1354.0	692.9	1420.4	635.7	1463.4	540.1	1469.2	L	K	['L', 'AY1', 'K']	1	6	[1309.575750836697, 2847.75618816603],[772.9815331709635, 1409.6326156426317, 2849.176356717344, 4372.007206829571],[710.9575670567048, 1418.702882654459, 2768.9108035632053, 3088.306344166518],[695.1676653235592, 1401.762792616017, 1843.5967084681758, 2783.414590997025, 3214.540284873728]	[229.12096776465833, 238.74300779348934],[414.7901139796323, 179.7538127577535, 80.7738816607703, 1670.9979190357478],[76.74427051740744, 40.82045614822665, 184.70986993693995, 404.930987567705],[53.01437390522191, 52.328434915409105, 1375.0538542756624, 101.69468842156228, 353.82460810016613]	removed	unallowed
AY	0	IDISTWOFOURZERO	624.6	1547.6	2601.0	180.2	110.6	409.7	24.918	24.887	24.997	0.11	41	0	0	0	0	0			612.3	1576.3	615.0	1561.1	534.5	1692.9	447.6	1803.8	409.0	1882.3			['AY0']	0	4	[1227.5402026835807, 1998.543558860965],[624.6363514269425, 1547.5917889769053, 2600.9673935232586],[594.5273939145716, 1526.9947466614626, 1787.4764407769, 2812.51949574651, 4649.971419896519],[577.2980628649755, 1432.3104318307203, 1748.7807565562994, 2782.642660552945, 4570.727335437816]	[936.9947649395555, 983.4034109966541],[180.22133626284915, 110.57497796307982, 409.7468666957089],[154.75821272526903, 218.44565986047803, 962.4328035955659, 297.8819848241455, 184.31549366444926],[99.04272682665837, 254.12857842568133, 329.0663432830999, 162.49815468913135, 393.88036231041906]	removed	unallowed
IH	1	LISTENING	453.6	1537.9	2481.8	40.5	98.8	131.4	25.433	25.416	25.466	0.05	1	3	4	1	7	4			454.6	1511.8	453.6	1537.9	451.7	1594.4	447.8	1633.5	443.8	1645.4	L	S	['L', 'IH1', 'S', 'N', 'IH0', 'NG']	1	6	[498.956757445703, 2355.511407519922, 3943.978174768813],[475.50367292189395, 1878.9224982202554, 3202.271819242228],[447.2101057073858, 1512.8623714870614, 2478.660908354946, 3565.7237483023514],[453.55273164589795, 1537.8863871020635, 2481.832336765668, 3532.7386050825367, 4405.523982805671]	[591.7363986880432, 1252.9029534601777, 1318.7965483119776],[220.27644188016606, 555.490741559196, 588.2483449197669],[29.15921944860267, 138.76507105620394, 212.89588178341853, 263.5180338459719],[40.53973383339162, 98.84176139226213, 131.3556238306666, 233.59305766878245, 840.8998097772953]	removed	unallowed
IH	0	LISTENING	358.4	1223.5	2217.0	81.9	312.8	277.2	25.596	25.586	25.616	0.03	1	4	6	2	4	0			358.4	1223.5	358.4	1223.5	359.4	1227.1	360.1	1226.6	360.1	1226.6	N	NG	['L', 'IH1', 'S', 'N', 'IH0', 'NG']	4	6	[403.348154097448, 2443.0254475181778],[395.8617259168734, 1735.1427239511145, 2478.2276529318638, 4316.163856471351],[387.3343817010052, 1616.495931430597, 2411.0587957096022, 2527.432649739506, 4341.665631961831],[358.43208807278984, 1223.462168855775, 2216.9507433773706, 2539.2614906698877, 4078.581038827164]	[841.6043137451768, 120.01528448330154],[261.7828592668704, 782.8291399831173, 86.95015257652372, 703.1440394817654],[236.14726809453705, 900.7674913188814, 1327.5438200748072, 1335.7347274381493, 501.85758223977297],[81.9301661271789, 312.78488111056146, 277.2269258511538, 97.08692565263908, 305.7522274283916]
AH	0	TO	398.3	1610.9	2375.9	152.1	292.6	324.7	25.687	25.677	25.707	0.03	6	0	0	0	3	0			635.7	2050.3	635.7	2050.3	445.6	1919.4	390.7	1864.1	390.7	1864.1	T		['T', 'AH0']	1	5	[1868.126860750832],[635.6665833411118, 2050.2539970033176, 2842.4343144908144],[398.30901925203875, 1610.939016910177, 2375.8881652237424, 3157.85205993208, 4465.274827036751],[392.36048165259723, 1583.4143978751526, 2040.9653167204974, 2613.913616020864, 3611.2962400623774]	[1726.9494904181045],[655.6924969471049, 746.842934028762, 805.997300918894],[152.07789755710903, 292.591309109707, 324.6915611825292, 442.2102237708207, 476.1431525259897],[130.1292431821181, 332.033562325647, 1189.6004647774726, 713.6661144727206, 294.99084983464263]
UW	1	MUSIC	346.3	1936.4	2551.6	132.6	145.6	153.0	25.826	25.816	25.846	0.03	82	3	4	2	9	1			502.4	2089.5	502.4	2089.5	687.5	2141.6	873.1	2192.3	873.1	2192.3	Y	Z	['M', 'Y', 'UW1', 'Z', 'IH0', 'K']	2	5	[2284.613900884229],[502.3741106505897, 2089.522832470222, 2862.718219471875],[346.34509277251794, 1936.442042917535, 2551.600878677386, 3505.4341926951847, 4534.312121940347],[355.92588230554907, 1913.0086573735741, 2511.3452903334633, 2981.7178614994955, 4417.646208347373]	[330.10192746042406],[395.7555222562893, 239.83027324250673, 232.7231112106903],[132.64594184716657, 145.5699308916449, 153.026705914562, 2192.680637073551, 338.99227487076047],[144.62193523762886, 128.63233482751428, 203.93766303850333, 933.8599521753677, 307.48293181859196]
IH	0	MUSIC	381.2	1773.3	2326.8	98.7	164.2	146.9	25.92	25.906	25.947	0.041	1	1	6	1	3	0			381.7	1766.0	381.2	1773.3	377.1	1796.4	367.1	1808.1	365.4	1804.7	Z	K	['M', 'Y', 'UW1', 'Z', 'IH0', 'K']	4	5	[2135.8178823356698, 2554.930976708018],[293.44772829854077, 2048.8104124702386, 2789.7017866492115],[381.20706655985873, 1773.2754284868563, 2326.847633599511, 3292.3558160010357, 4637.111877977828],[373.23595316238845, 1648.503789254858, 1934.0572480025776, 2403.820000651606, 3396.5333963984817, 4640.16404623085]	[991.8050285441773, 1455.374862170188],[799.3444265680449, 334.624079094569, 749.6719502423945],[98.70609307209233, 164.19221480822333, 146.94617008423415, 314.82031530605684, 316.6879069063762],[85.76485202691991, 916.3458654061803, 547.5514037432505, 195.84514486528823, 174.09386868112523, 102.92684669013187]
AY	1	BY	680.4	1232.9	2394.5	136.6	47.8	217.1	26.086	26.056	26.116	0.06	41	0	0	0	1	0		m	580.8	1260.0	640.0	1254.2	680.4	1232.9	698.0	1190.4	701.6	1147.0	B		['B', 'AY1']	1	5	[1236.9760334171547, 3008.24092772095],[1065.662362889888, 1821.1346649432426, 3085.228059016947],[680.4190466371087, 1232.888274806323, 2394.5247401676593, 3290.5495224710016, 4459.356204631014],[675.5832235706947, 1230.535881768282, 2351.1334654133443, 3196.6532236979647, 3690.3139294584134]	[1125.9208334080906, 544.9948121835545],[704.2296730996027, 1438.6437227309186, 1081.972926965861],[136.57173479602724, 47.75293721246316, 217.14616264612235, 96.47828598468848, 992.2532892618551],[102.5776235949625, 35.15591284938304, 199.72203957891062, 612.5033240283824, 1067.2299382463286]	removed	unallowed
AY	2	MYSELF	639.9	1220.1	2279.8	223.9	81.7	626.1	26.236	26.217	26.256	0.039	47	3	4	1	2	1		m	628.6	1165.5	634.5	1195.9	640.1	1224.3	635.1	1240.4	629.1	1244.7	M	S	['M', 'AY2', 'S', 'EH1', 'L', 'F']	1	6	[1133.4055693791772, 2615.285953929502],[1111.7787074372077, 2330.6352503250505, 3265.8766719610385],[896.8169431146927, 1050.0800076334706, 2476.787273247679, 3239.528064621492],[639.8986206437153, 1220.1216864145765, 2279.8425926449927, 2936.2714756777727, 3520.9489622661104]	[248.27152318177104, 1991.983792137411],[160.20210664481192, 895.0703838496962, 158.6398443003105],[739.08746497358, 863.0615754614614, 587.9321980193438, 142.00230890043466],[223.94937207388375, 81.70727272904857, 626.083059675408, 673.4841826336399, 344.06859385386144]	removed	unallowed
EH	1	MYSELF	475.2	1303.6	2013.8	79.2	77.5	1765.5	26.376	26.356	26.416	0.06	2	5	4	2	3	3			470.1	1326.8	476.4	1300.9	489.6	1278.3	499.4	1263.2	494.4	1230.0	S	L	['M', 'AY2', 'S', 'EH1', 'L', 'F']	3	6	[1181.7274642036016, 3032.0930561787404],[840.001178501455, 2103.2657201925695, 3218.4576691700654],[485.93060008254884, 1319.9698680459958, 2669.917074436068, 3495.766825793225],[475.2149848082427, 1303.6059557987353, 2013.7660421990697, 2706.4579534061822, 3522.979755699412, 4565.390825223539]	[538.130524200464, 604.3059515846228],[356.3465749261549, 442.09497012987987, 718.8346787110833],[111.03899560993459, 66.05913557518464, 180.06238615727864, 459.8384012531193],[79.17156638588612, 77.50591826643097, 1765.4766324270531, 154.88877674303282, 270.6270640297714, 556.2727792033731]	removed	unallowed
AH	0	IS	413.0	1512.1	2543.5	122.9	110.6	239.7	26.573	26.556	26.606	0.05	6	3	4	2	0	0			414.0	1480.7	413.0	1512.1	408.4	1544.1	401.2	1554.4	394.8	1554.6		Z	['AH0', 'Z']	0	5	[1450.1947936145714, 2848.5229004300345],[416.30721257053915, 1581.9585577687058, 2775.857130410197],[412.99946591598297, 1512.129954733372, 2543.479037798161, 3379.6307184422285],[405.21786754424613, 1393.4396128222877, 1534.6384476919748, 2571.7086239241034, 3459.1981720016406, 4426.38623183192]	[719.8667898915483, 920.3775786213856],[422.81635220599, 275.5110048950139, 343.15459118372763],[122.92719315688544, 110.62960215951844, 239.723591666912, 1233.8079404577957],[119.56640024284314, 1524.0679527193863, 149.14668943470943, 139.75910433505493, 388.100516534645, 348.7524126074931]
AA	1	NOT	679.8	1255.4	2015.2	213.0	173.5	554.1	26.75	26.717	26.817	0.1	5	1	4	1	4	0			635.1	1261.3	684.5	1255.1	697.0	1266.8	688.6	1315.8	677.4	1431.6	N	T	['N', 'AA1', 'T']	1	6	[1101.6652514503428, 2072.649997947358],[1076.032338267268, 1832.4545093886766, 3193.7440475496496],[768.5739705715476, 1325.8732054139955, 2371.5978574165624, 3261.6083006824333],[679.8439107924437, 1255.371155927778, 2015.2351267630384, 2831.670028806955, 3329.867964337966]	[1584.0515586998672, 1671.6545353464064],[377.89894048593, 1102.9900853719948, 374.8303763879534],[357.53169890122024, 280.86831380286355, 593.3307619265188, 243.087353419368],[213.02601003859772, 173.4999083295714, 554.0837226866124, 777.2399352035392, 308.69037093647]	removed	unallowed
IY	1	EVEN	353.7	2187.4	3320.9	182.1	238.2	418.1	26.89	26.847	26.977	0.13	11	3	2	2	0	1			362.0	2151.4	352.8	2192.8	340.7	2152.8	251.3	2132.3	1282.1	2633.7		V	['IY1', 'V', 'AH0', 'N']	0	4	[1211.6897418691754, 2964.6813362986522],[353.719926960749, 2187.4060627089993, 3320.944306072578, 4048.8173707683354],[345.1179343352704, 1983.8875417064921, 2504.6379553660145, 3444.524973128471],[341.39174348979145, 1362.9453994904252, 2047.3138189130689, 2691.5405586712427, 3471.476394143405, 4454.368757335363]	[677.6565046438668, 489.42176094442476],[182.10202317584043, 238.17037116827632, 418.05467801050594, 1645.8771985965368],[63.93673759857494, 398.5239277167755, 654.1282222692181, 267.44482985437503],[60.09615608221674, 1660.8340866813205, 261.2971359744904, 346.1672291338293, 129.54865464922878, 444.4625160021457]
AH	0	EVEN	386.4	1594.7	1874.6	102.0	170.5	1020.8	27.017	27.007	27.037	0.03	6	4	4	2	1	0			386.4	1594.7	386.4	1594.7	383.6	1583.4	379.7	1566.7	379.7	1566.7	V	N	['IY1', 'V', 'AH0', 'N']	2	6	[1712.6887039325825, 3231.9674258169234],[1588.4347681510903, 1924.345667368688, 3324.900790951817],[401.0634875899821, 1617.4929989101315, 2491.408526753442, 3425.1772733452035],[386.40428007287085, 1594.6996497347156, 1874.6042450991124, 2588.9390307214785, 3441.5986022294796, 4705.223121757209]	[473.9848768322174, 620.8881847451468],[940.3532323975238, 1059.6848594226046, 362.0990685883082],[165.69384748234748, 96.8842249477527, 239.03380126734456, 139.6158953417889],[102.03295181269868, 170.5402063172592, 1020.7991721085947, 236.05271095874653, 74.3230790299624, 397.7348901490205]
AY	1	LIKE	643.8	1450.1	2271.1	263.2	200.8	969.6	27.233	27.177	27.307	0.13	47	1	6	1	7	0			637.6	1196.2	633.6	1315.1	627.7	1595.4	550.5	1792.6	431.9	1829.8	L	K	['L', 'AY1', 'K']	1	6	[1250.2771083075165, 2034.1971181394733, 3311.345904464277],[1458.8789361648314, 2501.706085066027, 3453.23042173953],[926.2364105526982, 1565.8506074510287, 2404.0093085222597, 3366.7039037778704],[643.8361975306716, 1450.081114249051, 2271.0621840500676, 2810.9176715967583, 3515.5533168821607]	[1727.515151626815, 2117.603082638854, 634.7105037316262],[793.2556950640152, 1281.6981343708246, 666.7315336187805],[434.730189758059, 1721.9954251859342, 366.22216705053813, 120.13742588979602],[263.1918577952072, 200.81024017308104, 969.6300528169616, 675.9387775358117, 186.990148442629]	removed	unallowed
AO	1	ALL	587.4	1091.3	2066.8	104.2	93.7	989.2	27.397	27.367	27.457	0.09	53	5	4	2	0	0			573.9	1118.9	587.7	1091.7	584.5	1095.9	577.5	1101.7	588.3	1116.9		L	['AO1', 'L']	0	6	[940.6947871910988, 2516.000625276287],[922.3775020944863, 2035.09494577838, 3163.5821371001557],[615.679971058943, 1121.020051816432, 2432.7974488988957, 3222.253240069242],[587.4408444775968, 1091.3139785565445, 2066.8407180286968, 2587.5739087364404, 3250.8042432890597, 4599.478034149784]	[274.578770435817, 1364.9333125774838],[241.64904810084218, 1567.9926924298736, 254.4022884110958],[161.79999347404117, 125.01478976071718, 302.34600984296236, 105.73152886665176],[104.22549450257769, 93.66820727909452, 989.1627672848346, 462.3960392518251, 92.28011648124384, 447.8681594412844]	removed	unallowed
AE	1	THAT	563.6	1529.0	2558.0	56.8	137.6	467.2	27.557	27.537	27.597	0.06	3	1	4	1	3	0			567.1	1509.1	562.9	1532.9	555.8	1581.1	544.6	1634.4	521.5	1669.6	DH	T	['DH', 'AE1', 'T']	1	5	[1075.1108002211497, 3089.5246457956146],[612.6197567458819, 1732.4481095299725, 3375.894043387912],[563.5902796996493, 1528.9633992047832, 2558.039703415509, 3519.425147503995],[565.0953575278651, 1215.3356404670017, 1558.3394505385595, 2641.789122657616, 3527.6342936734413]	[922.3815108155306, 1636.940895789112],[271.8077946709743, 393.82128297442415, 323.20233481586604],[56.802888324894575, 137.6352379307959, 467.19582613905345, 196.12644829680485],[70.36191361820292, 2599.887073270677, 146.25504641889606, 268.73473515958966, 93.66631835970267]	removed	unallowed
EY	1	GREAT	465.1	1741.1	2344.3	99.5	151.0	476.6	27.779	27.767	27.917	0.15	21	1	4	1	8	0			450.0	1805.5	438.8	1747.3	416.6	1344.6	400.4	1292.0	377.8	1414.8	R	T	['G', 'R', 'EY1', 'T']	2	6	[2247.6808647882604, 3600.88788996561],[480.39477478801933, 1874.1353044799907, 3170.456094704903, 3367.666089349491],[465.46267540600485, 1779.966755473721, 2570.101864603099, 3318.5974274165746],[465.1418319059978, 1741.140988597638, 2344.28978558323, 3227.3977076604606, 3396.7438314888464]	[569.6403393417422, 160.90898417566737],[402.32641465858995, 213.14243850780008, 676.9943138281925, 594.1167816640655],[121.40247859554012, 161.45117116105652, 598.8845719017633, 115.86193969198236],[99.4672017242811, 150.96134544862795, 476.59664510049083, 403.31253179198836, 279.62484546561694]	removed	unallowed
AY	1	LIKE	670.9	1404.6	2556.3	169.5	107.8	212.3	28.066	28.017	28.127	0.11	47	1	6	1	7	0			619.5	1277.4	653.5	1338.9	667.8	1443.4	645.0	1548.3	589.3	1672.1	L	K	['L', 'AY1', 'K']	1	5	[1022.6652290228132, 1765.9233616305462],[675.9969100079538, 1259.9277132591396, 2796.6264027326497, 3660.8578482984444],[670.926495050244, 1404.6162086820761, 2556.277696349094, 3586.884975882835],[605.0328849553132, 1217.5667195173714, 1467.0730058010834, 2568.1177904344163, 3569.4760407313524]	[1049.2205216151801, 1209.955152385471],[351.9105052826569, 482.0324348164148, 580.7990733029093, 637.999718479033],[169.5241283695111, 107.8197637464486, 212.31420837390436, 234.47599096418853],[147.94018014592092, 812.7902451030226, 200.10057808377397, 108.96680257894063, 154.99032529743633]	removed	unallowed
AH	0	IT'S	549.5	1342.0	2444.1	795.1	618.5	535.7	29.137	29.127	29.157	0.03	6	1	4	1	0	3			549.5	1342.0	549.5	1342.0	579.3	1373.0	614.1	1414.7	614.1	1414.7		T	['AH0', 'T', 'S']	0	5	[1094.6784014114485, 2842.546838473101],[973.9350850065467, 2183.821590623425, 3430.795958214207],[549.4709726309104, 1342.0482047416301, 2444.055375106452, 3450.39869535049],[656.4797554432057, 1436.447001302088, 2411.4515986342585, 3331.9129550223865, 4225.514968638109]	[1170.5418629295675, 1323.7723824855427],[853.2322127098473, 870.0165600741011, 906.5860146868575],[795.0902314303066, 618.4583990213225, 535.7042547607347, 614.2130630206714],[553.1279663290766, 482.7901522922612, 428.5266607099946, 654.7597803865787, 1048.2616713085047]	removed	unallowed
AY	1	LIKE	265.6	1236.1	2168.6	91.5	1069.2	447.6	29.258	29.247	29.276	0.029	47	1	6	1	7	0		m	245.7	1196.5	247.1	1180.7	251.2	1192.7	252.5	1201.6	252.5	1201.6	L	K	['L', 'AY1', 'K']	1	6	[1070.2086962596625, 2838.5948080719245],[274.92197231835735, 2169.6869996954224, 3864.7666238979223],[263.6904399391402, 1043.7842120836294, 2181.105170296283, 3404.216594530137, 4439.938398499768],[265.55436986813083, 1236.1372317918458, 2168.5696683925285, 3233.421353909297, 4176.516306290123]	[683.2862378851105, 529.6660822202306],[144.81093545000718, 152.14489104903183, 1057.2486134195508],[89.89899478991612, 1240.3861794763295, 103.95859372931066, 789.3100816959096, 674.9499333063306],[91.47338045250244, 1069.159392469686, 447.64500252247524, 697.7818910891024, 646.4002376355888]
OW	1	OKAY	350.3	1822.8	2565.4	44.4	174.8	171.6	29.314	29.307	29.336	0.029	62	1	6	1	0	1			350.3	1822.8	350.3	1822.8	350.9	1823.1	352.9	1820.9	352.9	1820.9		K	['OW1', 'K', 'EY1']	0	5	[331.0075697885921, 2268.979278341063, 3781.975790289096],[355.86311204125303, 2054.3923487077504, 2788.3428470820536, 3954.3463747509277],[350.28728811459405, 1822.7674990456956, 2565.416037869928, 3771.69587004877],[349.61542876335363, 1421.6616527374674, 2111.219377069916, 3004.555275760537, 4009.167244487004]	[483.9433947676674, 341.12306715917236, 517.7427900712449],[169.70729558311018, 387.4537892104331, 813.8270134848026, 368.7742135095002],[44.366110685931226, 174.79741906780072, 171.57049735532803, 152.6442213360036],[44.50331539471796, 1295.4942427752985, 144.9063693034039, 142.74972965664537, 515.9487224951727]
EY	1	OKAY	385.6	1711.0	2536.0	26.8	88.7	230.9	29.381	29.367	29.396	0.029	22	0	0	0	6	0			385.3	1714.3	385.3	1714.3	385.6	1711.0	386.4	1701.6	386.4	1701.6	K		['OW1', 'K', 'EY1']	2	5	[673.6461305520046],[394.62476622507825, 1846.64520974132, 2961.8270928819215, 4002.1811077729926],[385.5883893491027, 1711.041632558442, 2535.9913239004572, 3760.009829082926],[388.30054247912835, 1428.4099431640882, 2138.628388295169, 3170.806601070393]	[863.2873841526582],[166.24267764074233, 291.7817508078002, 837.9632095475937, 342.50500679133717],[26.792096281343575, 88.71898988676244, 230.89961512160872, 145.61025836747515],[35.03307047211037, 1533.3726629518342, 134.68254191927488, 103.87474023427134]
OW	1	SO	447.2	1257.1	2530.7	73.8	83.7	257.4	29.546	29.536	29.576	0.04	63	0	0	0	3	0			447.2	1257.1	450.7	1255.1	468.5	1250.0	498.6	1251.8	510.3	1252.1	S		['S', 'OW1']	1	5	[775.8919859637136, 1989.5914763460826],[475.4284897963246, 1317.1974672524975, 2833.1232939267848, 4000.9506035108684],[447.1545036607487, 1257.1170663026608, 2530.7125744238815, 3511.034324812257],[444.1441183407159, 1260.6623478435247, 1493.536067384116, 2564.863964626273, 3523.8169244854635]	[1001.0200863162106, 1447.6607770706628],[349.82596838435165, 404.8913376556086, 563.8926839216566, 604.4340155018052],[73.84479181407549, 83.72444350244868, 257.4323753204, 411.2242865419149],[75.66844806337753, 107.26834889051112, 2068.576905969596, 185.7982547692394, 250.6439595037303]	removed	unallowed
AY	1	I'M	642.1	1350.7	2491.5	213.0	66.6	390.8	29.622	29.576	29.716	0.14	41	4	1	2	0	0			602.1	1293.0	639.0	1367.9	590.4	1500.7	508.8	1638.1	446.7	1764.7		M	['AY1', 'M']	0	5	[999.0037499752524, 2239.5748391012417],[630.8871863561377, 1367.2839337588566, 2704.3720397614447],[642.1321698561934, 1350.6737394852273, 2491.491097913031, 3443.396495066429],[564.8682193445254, 1245.4718676296275, 1433.3764713180333, 2549.8365044015195, 3442.2642069271383]	[809.3236965919936, 1368.057890726819],[278.393043562745, 101.73513640025874, 515.7534149287817],[212.95972579699836, 66.60732323327514, 390.75293571209403, 617.6073751964465],[137.45354012762044, 627.2497682296605, 257.10497839224627, 263.5824254640687, 402.50348799399217]	removed	unallowed
OW	1	GOING	641.3	1636.8	2589.3	744.5	232.4	469.9	29.773	29.766	29.796	0.03	62	0	0	0	6	1			641.3	1636.8	641.3	1636.8	655.5	1636.5	664.9	1641.5	664.9	1641.5	G	AH0	['G', 'OW1', 'AH0', 'N']	1	5	[1440.772608123422, 2454.338252512393],[1331.6974339760022, 2371.707842028979, 3976.3366120458722],[641.2581259302004, 1636.7532456349397, 2589.2955385835685, 3840.7427339465175],[596.776287558083, 1456.6963623084603, 1960.4314304706245, 2785.825260974814]	[1225.657884314224, 1267.3517634708837],[789.4496977132054, 659.705615008296, 950.6744695577858],[744.5056756454843, 232.39523556730393, 469.9170995103616, 994.6594972443783],[721.1939868274869, 744.5411680629222, 1036.0761064800784, 406.8984825916584]	removed	unallowed
AH	0	GOING	419.1	1509.2	2488.8	188.7	300.5	470.1	29.806	29.796	29.826	0.03	6	4	4	2	0	0			417.5	1717.9	417.5	1717.9	393.0	1725.4	388.1	1756.7	388.1	1756.7	OW1	N	['G', 'OW1', 'AH0', 'N']	2	5	[830.6967355765056],[417.50611160312906, 1717.9322905452207, 2807.110468220241, 4289.280814920368],[419.1488454179725, 1509.2081327581875, 2488.789639905721, 3674.505083920615],[403.69311430966764, 1458.9844174990521, 2009.0428789139335, 2994.95729299955, 3942.9542492449964]	[422.7979352691761],[361.191590110954, 533.8128800281814, 840.8608790118424, 595.6395924508827],[188.6996724997184, 300.5229382515947, 470.13316319030145, 1010.3282413216702],[146.72035325032476, 725.1432095887504, 611.8006213805837, 525.6753715145271, 639.5395615041219]
AH	0	TO	512.9	1257.5	2502.7	29.3	44.8	146.2	29.913	29.896	29.946	0.05	6	0	0	0	3	0			512.9	1270.5	512.9	1257.5	507.1	1246.1	499.0	1244.3	489.6	1244.6	T		['T', 'AH0']	1	5	[893.3700457968541, 2708.6199520383116],[579.6874139745091, 1359.1189989115871, 3005.440197346957, 4094.8586564855796],[512.9050096491242, 1257.4785420001501, 2502.672384085605, 3453.883740640461],[518.1490740591504, 1244.3443587636173, 2454.92035022893, 3399.8362686356795, 4369.473176952533]	[791.5857284343488, 1684.1330696973287],[380.4307857615759, 598.4935990035912, 620.1970441286801, 1254.6332523261779],[29.306828914208058, 44.83330592396971, 146.18688693158458, 193.2660789865558],[39.12301015657543, 248.093458891794, 102.56726155254125, 164.93789086483423, 980.0751417732243]	removed	unallowed
IH	1	LISTEN	416.6	1671.1	2445.8	51.9	148.3	138.2	30.06	30.017	30.146	0.129	1	3	4	1	7	1			416.7	1601.2	419.7	1680.9	436.8	1730.0	435.1	1753.8	428.5	1766.3	L	S	['L', 'IH1', 'S', 'AH0', 'N']	1	5	[365.4955001581899, 2248.750821534322, 4052.251155307515],[436.2752127063021, 2014.5632858403883, 2754.522254886885, 4238.346591680245],[416.6342905812499, 1671.0525694131306, 2445.751768650607, 3629.406283492268, 4501.8049714376075],[415.61978737909084, 1666.8830426886664, 2020.6803528423936, 2462.724805521506, 3652.3164497517305, 4510.530739283732]	[980.631464914598, 480.03049882895806, 1200.6614238044638],[409.43628357213566, 588.6152433635469, 903.6104382334673, 732.9543497167699],[51.939713294218436, 148.34760775879576, 138.19110774049085, 450.34868433818025, 707.1637994289756],[51.08035179140531, 887.3349241195104, 2563.7300616714606, 141.58801827499633, 352.1000932249822, 496.72472937120716]
AH	0	LISTEN	515.1	1288.3	2365.9	127.7	75.4	195.9	30.237	30.227	30.257	0.03	6	4	4	2	3	0			515.1	1288.3	515.1	1288.3	514.1	1274.1	511.1	1260.7	511.1	1260.7	S	N	['L', 'IH1', 'S', 'AH0', 'N']	3	5	[1176.39262151008, 2759.077865363508],[624.2661872938661, 1526.882264752055, 2812.1698727828975],[515.1474327692861, 1288.340333962726, 2365.89951558635, 3171.1987446023286, 4439.757332042125],[510.3098233462941, 1199.516916983107, 1635.3916084195935, 2515.8543881226938, 3411.462932092273]	[481.21204907716225, 635.8316166020142],[1180.8355749687094, 1110.178599075803, 605.192119648325],[127.68180385161878, 75.4034485786434, 195.93068744698732, 322.3846824728148, 538.4402258250307],[358.12015656241965, 956.6337058800458, 2234.38789949255, 174.30407937499865, 244.431405038108]	removed	unallowed
AH	0	TO	400.1	1538.8	2124.9	54.9	125.4	1579.0	30.47	30.446	30.517	0.071	6	0	0	0	3	0			408.3	1514.6	399.8	1542.2	390.5	1567.1	387.2	1534.8	357.3	1457.9	T		['T', 'AH0']	1	6	[670.9760363399472, 2441.314529038258],[409.2846894957981, 1626.2393900892112, 2648.7778200719845, 4385.197206884079],[400.0340232069102, 1538.6367915758324, 2568.945509666498, 3955.2777756060655],[400.08446785502133, 1538.7611540948358, 2124.865497704467, 2925.1540017695543, 4102.352490294192]	[1210.5701953518367, 607.2303335106063],[187.7202470714769, 337.5233171483539, 199.4178817716982, 359.7283783802601],[55.02944324909095, 119.59480347080286, 100.43138066418372, 924.6104608407167],[54.868023346121184, 125.37703619496004, 1579.0020158044263, 644.2020822304894, 653.6167383949032]
UW	1	MUSIC	313.4	1787.4	2410.1	82.7	137.9	903.7	30.737	30.727	30.757	0.03	82	3	4	2	9	1			311.0	1790.2	311.0	1790.2	309.5	1770.4	309.8	1754.2	309.8	1754.2	Y	Z	['M', 'Y', 'UW1', 'Z', 'IH0', 'K']	2	6	[2180.9648294581943],[615.4021311199134, 2144.022936799097, 3123.976677390451],[311.03240229672275, 1790.2102085886615, 2434.2879204165138, 3658.8881400453697, 4573.899475847787],[313.36477698551954, 1787.3638467293129, 2410.078986196825, 3266.6195891387983, 4309.260047157816]	[352.9148702537353],[450.2647306795084, 426.9251802598385, 730.9684193603125],[79.47448423455705, 161.56070127660394, 196.2984406739918, 760.5899685422294, 334.422241669319],[82.72069990004275, 137.8915757693985, 903.7353951895218, 1262.9906267564627, 477.83988148673893]
IH	0	MUSIC	377.5	1799.5	2370.0	37.2	213.9	148.3	30.81	30.787	30.856	0.069	1	1	6	1	3	0			374.2	1786.5	377.6	1798.0	370.2	1825.0	355.1	1801.6	344.3	1715.2	Z	K	['M', 'Y', 'UW1', 'Z', 'IH0', 'K']	4	5	[797.4843866352077, 2719.4590472293853],[389.94596551352436, 2112.0588477690703, 2920.622069134923, 4430.074840007421],[377.4640488393832, 1799.4999245563113, 2369.957763360466, 3565.5139009159043],[380.1165138789099, 1296.5055875057258, 2002.605588938989, 2724.1045780668815, 3820.4473016845177]	[661.4507100833127, 639.9966265737982],[247.11863001747565, 227.02628663081776, 1051.5886938224835, 823.6706893416856],[37.15032746547059, 213.9390327161636, 148.27664505814786, 366.53954473309227],[57.98604526214364, 1545.9173805063035, 133.6120895068727, 102.64673582529949, 96.75820213942171]
AY	1	BY	765.0	1293.1	3008.9	210.0	173.2	223.4	30.982	30.947	31.017	0.07	41	0	0	0	1	0		s	685.3	1434.3	702.6	1317.2	765.0	1293.1	867.2	1326.2	950.1	1510.5	B		['B', 'AY1']	1	4	[1112.699119678658, 3346.8156575451553],[765.0489566659526, 1293.1050227257729, 3008.8967179173824],[704.0951046536596, 1241.1144408445523, 2294.087413649916, 3137.6774310465016],[699.3718869150514, 1216.3655400515681, 1688.0154977305513, 2464.5056887905735, 3296.635082233734]	[834.9787197324519, 1268.3135406444098],[209.96205983063007, 173.17535380513112, 223.4471413085807],[36.84843727380517, 37.373810164123725, 418.4130924693428, 127.97228875108762],[205.30310754627484, 169.74064449631717, 1728.436936873505, 311.20390631774325, 136.89846006199477]	removed	unallowed
AY	2	MYSELF	729.0	1189.5	2142.5	82.2	80.7	372.3	31.124	31.107	31.167	0.06	47	3	4	1	2	1		s	726.5	1170.7	727.8	1204.1	719.0	1235.7	711.6	1260.5	709.7	1291.6	M	S	['M', 'AY2', 'S', 'EH1', 'L', 'F']	1	6	[1088.225178997741, 1912.060814020566, 3179.692041383507],[1139.1496844590406, 2078.2785861632406, 3215.3759572648746],[809.206517384364, 1258.7949910507514, 2321.909548617904, 3123.4164644521024],[728.9565217347656, 1189.5277977865273, 2142.491810318688, 2736.906160556509, 3209.837399794949]	[360.75037981479926, 1907.7007404047008, 283.8071716545533],[128.5204184973541, 870.3533922991368, 152.05804742546022],[213.61534627246886, 441.01739861135, 286.48532413336324, 65.81008940062448],[82.17710438322194, 80.7320066352078, 372.34364411159686, 519.2819525676055, 108.75885249550572]	removed	unallowed
EH	1	MYSELF	456.3	1395.0	1797.5	77.6	89.7	1075.4	31.31	31.297	31.337	0.04	2	5	4	2	3	3			454.8	1397.6	457.7	1392.7	468.6	1379.2	477.3	1360.4	479.5	1353.1	S	L	['M', 'AY2', 'S', 'EH1', 'L', 'F']	3	6	[1355.4876168421908, 3036.2111893061915],[866.4428182955687, 2123.784927296448, 3445.850548434429],[471.27390254788384, 1411.5501950238518, 2612.384660286587, 3568.8889256734196],[456.27441882395266, 1394.9541896961007, 1797.535082713021, 2670.339982482652, 3587.1560756139056, 4549.315841678145]	[507.44262441523335, 936.0988412030733],[482.4078130401694, 423.7670946046659, 753.0953700833531],[116.95311907181556, 55.990817259673946, 205.48836827470768, 500.1700023072667],[77.62328179067931, 89.71586914049341, 1075.4434947737311, 130.13291416971245, 177.57446010368594, 241.4247378170972]	removed	unallowed
AE	1	THAT'S	566.4	1566.0	2584.3	124.7	109.8	234.3	32.377	32.357	32.417	0.06	3	1	4	1	3	3			562.5	1573.2	567.4	1565.6	572.0	1553.0	559.3	1532.6	543.1	1506.2	DH	T	['DH', 'AE1', 'T', 'S']	1	5	[1183.0667481123787, 2254.676614289039],[561.452600834711, 1567.6125373810057, 2627.3111250846628],[566.4431959029816, 1565.9887763540567, 2584.303155907144, 3708.898671927822],[533.4696504187073, 1146.0367545972972, 1599.9033391400776, 2571.3447554348286, 3551.928878438923]	[811.0043310616292, 847.7837031848853],[150.3258608854892, 145.1455113608991, 231.05125051739174],[124.66309776482592, 109.76884821986067, 234.26960482610528, 1472.4262325409688],[107.449948405746, 976.2331137100497, 121.75688896721364, 130.2861229963232, 625.0608060004901]	removed	unallowed
AY	1	LIKE	627.7	1430.5	2506.3	82.5	136.1	123.5	32.856	32.817	32.917	0.1	47	1	6	1	7	0		s	625.3	1332.0	625.9	1404.3	615.1	1497.7	561.6	1641.1	488.8	1617.7	L	K	['L', 'AY1', 'K']	1	6	[1012.6285125875502, 2669.518920622269],[656.680955162089, 1744.7209757368703, 2980.976636713566],[604.4163509489698, 1314.3238351409796, 2557.2547800320954, 3546.2395199396556],[627.6552266988225, 1430.5340749718805, 2506.312959358314, 3515.9617382354922]	[1059.8397006313348, 1368.8953611573802],[234.12139045750413, 869.2844123122096, 828.893272040335],[73.13419574796303, 127.93488399191614, 249.44047863075662, 200.2504958334133],[82.54591116975207, 136.1384843455628, 123.49964003251824, 182.89121003204806]	removed	unallowed
AH	0	THE	428.8	1529.9	2609.6	30.5	638.5	361.7	33.076	33.066	33.097	0.031	6	0	0	0	3	0			428.8	1529.9	428.8	1529.9	428.7	1492.6	429.1	1487.5	429.1	1487.5	DH		['DH', 'AH0']	1	5	[449.9341560299819, 2685.617610576261, 3954.935210823742],[444.62192589670644, 2364.5197626237873, 3624.4483629399865],[428.800115648328, 1529.9262296134336, 2609.5862698894803, 3685.8325095934224],[433.8868645177423, 1515.7393813180086, 2463.3384715531283, 3495.6714304694974]	[154.75911902660894, 800.352176986844, 706.278117074679],[86.23886688750831, 508.22893126202473, 385.111464995409],[30.47986607043479, 638.5280239295303, 361.691146372016, 191.1477401395142],[37.29321726342455, 863.2261178397563, 248.32697058612865, 168.43673981604164]
OW	1	WHOLE	561.2	1040.0	1990.5	198.1	162.0	1235.0	33.214	33.207	33.327	0.12	62	5	4	2	0	0			512.9	1022.6	470.9	996.2	451.0	976.2	433.4	970.0	426.5	978.1	HH	L	['HH', 'OW1', 'L']	1	6	[980.1594778731579, 3222.9024188866474],[645.1769263806874, 1730.7669313066176],[532.3312891886824, 1039.3395325152096, 2567.8088414434333, 3392.1158723727794, 4626.281041468767],[561.1763466450932, 1039.9971178057936, 1990.5369617430024, 2948.469259370473, 3853.5193553823624]	[118.78144933288961, 513.8021029053355],[808.836945025149, 853.19339855236],[134.97368331341806, 35.48609964202216, 336.2784916528401, 217.78385004114978, 381.4609553160666],[198.10227306657345, 161.98254976769306, 1235.0454173382066, 146.42597388067927, 118.8329811816278]	removed	unallowed
AE	1	THAT	521.3	1606.0	2625.4	155.0	58.1	342.5	33.45	33.436	33.477	0.041	3	1	4	1	3	0			525.9	1604.2	521.3	1606.0	501.8	1612.7	480.5	1618.2	477.8	1617.9	DH	T	['DH', 'AE1', 'T']	1	5	[1493.296461473012, 2618.034985101598],[519.908466589776, 1616.0208691841108, 2679.1626725839405, 4344.974164657164],[521.2595006528871, 1606.023205315639, 2625.4302412800125, 3534.3614367708083],[489.99213458722147, 1478.479752779689, 1611.8393688119247, 2653.1533940847817, 3658.5769567812345]	[359.858142043199, 553.6404292147105],[221.93563147692237, 88.1786854397558, 129.50718107818298, 843.1872970401948],[154.96337209610942, 58.079407056876896, 342.46340281105716, 969.7874735387995],[95.74990770326686, 1071.3558778965587, 106.6293197910824, 71.92392063709129, 600.3677490176512]	removed	unallowed
AH	0	DEFEATS	378.3	1686.6	2491.2	92.8	208.3	204.4	33.576	33.566	33.597	0.031	6	3	2	1	3	1			378.3	1686.6	378.3	1686.6	373.3	1660.7	370.6	1646.3	370.6	1646.3	D	F	['D', 'AH0', 'F', 'IY1', 'T', 'S']	1	5	[2344.4541390739196, 3527.7021948798542],[368.0368959387052, 2050.9908805231735, 2959.4823301868973, 4314.677046604795],[378.2923072149539, 1686.5764151988888, 2491.237962363726, 3361.8458761128522, 4462.3721704719765],[373.2892737562597, 1664.0604318330559, 2127.9041537387543, 2551.371763296155, 3428.7613748345443, 4491.05807810487]	[1002.1691709671711, 2273.6439770802426],[564.4662374885995, 551.3481628026373, 722.8779038632306, 1310.8748280402247],[92.78200625671784, 208.3281393877349, 204.3779114448752, 338.3146936921054, 456.30026853883595],[73.04674779214379, 279.77492962519676, 1600.7114565607096, 451.57821741496156, 282.13860307375165, 279.50797936980916]
IY	1	DEFEATS	312.2	2104.9	2600.8	71.0	117.0	249.5	33.7	33.677	33.747	0.07	11	1	4	1	1	3			329.6	2070.7	308.5	2117.2	294.9	2171.1	286.1	2181.1	285.4	2159.8	F	T	['D', 'AH0', 'F', 'IY1', 'T', 'S']	3	5	[2268.742622851406, 2885.206449296746],[262.10975507884143, 2219.1899577122035, 2895.6173744932244, 4456.361356469576],[312.22263289350747, 2104.94332656066, 2600.7601487160664, 3266.9546278013213, 4578.917507111237],[311.11411523343867, 1721.609085234784, 2198.176762502406, 2655.7075975249713, 3342.5422393619165, 4562.428344762729]	[376.5345560609333, 872.2632664470912],[484.84775423543397, 133.3823552752063, 283.43479146026596, 754.727600706028],[70.97308720309688, 117.00497979814227, 249.4977811469162, 447.1081105182268, 493.4133599537283],[74.42981130392222, 1825.5230071491878, 535.5202014211369, 515.105213302425, 339.9562776987831, 236.5082097240118]
AH	0	THE	415.4	1451.9	2398.5	173.2	157.4	300.2	33.877	33.867	33.896	0.029	6	0	0	0	3	0			415.4	1451.9	415.4	1451.9	427.9	1453.5	440.5	1455.4	440.5	1455.4	DH		['DH', 'AH0']	1	6	[1346.977884638228, 2645.149142485125],[819.9585048904263, 1972.4028889056467, 2799.485917864748],[407.26269871232734, 1457.779263066188, 2443.057722133988, 3150.7850113611694, 4500.794695947904],[415.3772855956164, 1451.9295918136932, 2398.4582429249854, 2822.762487724794, 3798.035749849325]	[1177.7399533429937, 646.4992627521486],[665.0911512741011, 801.0569243762104, 573.8277149682293],[191.56701161822576, 196.9734352545276, 238.76831694340396, 668.6209093592522, 617.5251793471413],[173.1758494379394, 157.35677976995652, 300.1668485888456, 1510.148523661883, 419.73815952272315]
ER	1	PURPOSE	543.9	1358.7	2130.5	160.2	145.2	186.9	33.97	33.946	34.017	0.071	94	1	1	1	1	1			578.1	1382.1	542.7	1361.8	523.0	1406.9	498.0	1421.0	466.6	1386.9	P	P	['P', 'ER1', 'P', 'AH0', 'S']	1	5	[876.7875415513641, 1725.0755731009206, 2503.2305199909883],[659.9881386474929, 1453.5739855589088, 2291.5305388246566, 3576.1637483572285],[543.9199405687755, 1358.6922400474712, 2130.468231520075, 3036.5861428942962],[540.0302044112492, 1247.1669573874972, 1448.1493585175974, 2226.7145883802523, 3135.69440622129]	[1181.100207323353, 1216.1392227248843, 1232.5334025802717],[738.7294156553882, 630.6150500117222, 593.4376072750849, 1268.8728331812126],[160.22348728911368, 145.24250341654178, 186.88030928621774, 481.00789229519665],[214.09906229473404, 1221.3803391073936, 497.9887429474309, 132.8870924581271, 188.48230780659642]	removed	unallowed
AH	0	PURPOSE	413.3	1591.4	2143.4	128.5	207.9	1662.3	34.116	34.106	34.137	0.031	6	3	4	1	1	0			413.3	1591.4	413.3	1591.4	410.0	1603.9	402.2	1615.3	402.2	1615.3	P	S	['P', 'ER1', 'P', 'AH0', 'S']	3	6	[1759.5354951129018, 2737.840404974613],[561.4537638143473, 1851.6251802309582],[420.4209616095604, 1607.055638434898, 2486.6289195993054, 3156.5028417066997, 4240.499967280703],[413.3298014068496, 1591.367766071572, 2143.41095396002, 2586.1457565810088, 3284.102619148421, 4278.203604785161]	[997.4326264969964, 644.0375632012368],[577.1638137359975, 428.69202397328905],[159.99140292131355, 182.88445671177072, 241.19016314692502, 716.1303130098509, 1052.4849855636144],[128.5219111690212, 207.91662851944358, 1662.3123656158114, 894.5932495206181, 681.2447709865756, 1007.5971430541009]
AH	0	OF	398.5	1482.3	2561.8	97.4	83.0	443.3	34.249	34.236	34.276	0.04	6	3	2	2	0	0			397.9	1483.7	399.1	1480.9	401.1	1471.3	401.5	1461.6	401.5	1452.9		V	['AH0', 'V']	0	6	[1189.0907814142215, 2416.429303365147],[1478.7423408559218, 2647.669031563338, 3730.020871525766],[408.5080567906609, 1517.8098216401454, 2591.3281447595514, 3473.2834525433223],[398.5172109515727, 1482.3355278878962, 2561.7794946827244, 2744.762432376314, 3637.4937257591428]	[2328.067574525415, 1242.8455403528922],[500.1328501727253, 225.94502852491038, 485.42999388349796],[224.19622407829218, 119.54909693191331, 96.23016460363733, 422.12206856060504],[97.372737463878, 83.02020217164052, 443.263593568581, 673.3944204235491, 296.33137183745873]
UW	1	MUSIC	320.2	1967.6	2630.0	116.6	129.5	190.7	34.446	34.436	34.467	0.031	82	3	4	2	9	1			320.2	1967.6	320.2	1967.6	323.7	1946.2	329.4	1916.8	329.4	1916.8	Y	Z	['M', 'Y', 'UW1', 'Z', 'IH0', 'K']	2	5	[2259.524719145979, 2880.63148867142],[771.5055034430661, 2261.5569962375343, 3338.2399956643426],[320.2285660049205, 1967.5955752554066, 2629.9900378479424, 3721.042487553853],[325.57365882260615, 1594.8831145889092, 2257.6536641604953, 3025.589672090263, 3978.56693699513]	[538.8940335970091, 1755.9059638399654],[508.156408457727, 372.92986839079776, 439.6410519085356],[116.56283423373704, 129.52337586753737, 190.65651697182454, 737.2517151508468],[145.2660952318469, 1391.816756848953, 116.41922321371058, 360.13029973230664, 488.3286792564951]
IH	0	MUSIC	403.6	1879.1	2521.2	72.2	92.5	151.2	34.547	34.517	34.606	0.089	1	1	6	1	3	0			401.2	1817.3	403.3	1883.7	399.0	1951.1	390.6	2032.9	380.1	2073.4	Z	K	['M', 'Y', 'UW1', 'Z', 'IH0', 'K']	4	5	[2041.6116892284117, 2608.363680365088],[394.9351052185481, 1987.442885875094, 2731.506738292334, 4302.193850428663],[403.59382413149376, 1879.0660413216683, 2521.2045984188035, 3548.2958678111822],[394.4075762806819, 1411.6513193693856, 1909.3028065874998, 2545.2642892367303, 3500.0867309305654, 4729.461197801917]	[1077.119868655574, 1478.1865910890413],[378.3386915438474, 209.07274420494264, 413.9826532880828, 1032.8669436954215],[72.1888623757584, 92.49207273267083, 151.17426086903012, 370.81027657045416],[51.874360517121005, 1105.3110050072685, 91.97576647730315, 83.34577267361031, 156.26912908190494, 446.7329989922705]
AH	0	IN	406.3	1620.6	2525.0	255.1	294.2	194.6	34.69	34.677	34.717	0.04	6	4	4	2	0	0			395.8	1747.9	392.4	1734.9	378.5	1758.0	356.2	1768.8	348.1	1769.6		N	['AH0', 'N']	0	5	[1332.009898767823],[394.1456995451467, 1738.4498787984237, 2621.6760173215553, 4183.293189834221],[406.31484542065914, 1620.5540206391315, 2524.961841256486, 3585.4410701762363],[379.5571816619654, 1414.1827144154224, 1850.8236312016534, 2596.868322222055, 3647.009904410182]	[1639.5155329180243],[497.7109850646622, 641.8680250516106, 414.83614365575426, 1032.850835201421],[255.14978436022727, 294.2145781139336, 194.58496106141425, 629.4188940212834],[135.704428556873, 763.7666390606073, 593.4117323015157, 205.24934910016748, 352.58290314435857]
AH	0	THE	513.6	1455.2	2457.4	395.7	208.5	426.5	34.786	34.776	34.807	0.031	6	0	0	0	3	0			513.6	1455.2	513.6	1455.2	506.7	1449.5	489.6	1449.5	489.6	1449.5	DH		['DH', 'AH0']	1	5	[1436.6169576001207, 2748.4118584809667],[492.4056349500955, 1500.4279192259073, 2669.5879598862502, 3863.09167223126],[513.6123487861265, 1455.212773304066, 2457.4376616159216, 2936.290254176172, 4124.466766172565],[545.3060483533458, 1456.7850448609624, 2373.216518005528, 2873.135114536635, 3956.2281676891375]	[649.9377649081559, 524.8802640581148],[1204.3566806678268, 421.9114541733291, 328.8136880114469, 1086.2838345858522],[395.7376590928973, 208.51270634276753, 426.5351210791955, 717.7713930734128, 671.0084878103604],[391.36062566758284, 166.65390341275543, 388.6098535421718, 364.4261174636585, 543.2962442239043]	removed	unallowed
ER	1	FIRST	473.0	1487.1	2255.9	70.0	109.8	274.5	34.937	34.917	34.977	0.06	94	3	4	1	1	3			488.1	1465.1	471.0	1490.2	456.8	1513.7	441.7	1522.5	420.3	1521.3	F	S	['F', 'ER1', 'S', 'T']	1	5	[491.2001325756691, 1743.0749527325547, 2962.2866318670717],[506.31659027971125, 1611.637080202132, 2622.0278695690486, 3394.7643215259804],[473.00882643858887, 1487.1300853778805, 2255.8833933965357, 3019.9098328524597, 3924.363214607481],[465.4906854346836, 1488.7102886119715, 1671.2283650554402, 2374.7547361288557, 3095.583097701302, 4081.7338443338144]	[958.6305756385016, 525.8180468331135, 442.2297189971907],[324.25417766876706, 279.5657404407699, 491.2038104550087, 696.53675083372],[70.04247739272317, 109.77692907121963, 274.46235284433396, 269.58588798894647, 751.567917629608],[63.241335722594975, 197.4654861147229, 1189.418259660431, 256.16707117349955, 149.0146908301442, 286.4928681344218]	removed	unallowed
EY	1	PLACE	451.4	1703.8	2690.2	100.4	176.1	283.0	35.208	35.196	35.257	0.061	21	3	4	1	8	0			451.4	1703.8	441.5	1784.7	424.8	1848.2	406.9	1873.0	391.7	1891.4	L	S	['P', 'L', 'EY1', 'S']	2	4	[899.3495674253569],[451.4386954431996, 1703.7646468227163, 2690.181244675402, 4602.5860411535705],[442.67002533423636, 1644.4415338364572, 2523.9981176019205, 2751.581102312888, 4612.407607735118],[435.96889293122615, 1408.5093631707514, 1718.2489043057494, 2638.800231863169, 3444.7145519174933, 4629.557372809433]	[1618.0437659096494],[100.35733783660942, 176.123257920747, 282.99699234472945, 504.7397445146917],[54.63873603433281, 192.51385883488817, 1388.1202260508178, 626.6207050198482, 344.20688241939075],[40.365162972355556, 949.4798030048219, 254.59663348071751, 257.9141027501204, 841.5423930585417, 175.04113230000792]	removed	unallowed
AH	0	THE	422.9	1448.5	2515.5	78.1	95.8	164.1	35.634	35.624	35.654	0.03	6	0	0	0	3	0			422.9	1448.5	422.9	1448.5	421.0	1432.6	419.5	1421.5	419.5	1421.5	DH		['DH', 'AH0']	1	5	[1150.6551768855416, 2575.0563034485144],[429.0721202697147, 1516.4431367000857, 2666.921947820713, 4141.642399800955],[422.85558678745787, 1448.5460711265978, 2515.5258907409666, 3560.886887469071],[415.69706566131725, 1408.6793521161508, 1689.3445813224307, 2540.9379272661504, 3533.832516962837, 4606.625778797014]	[1622.0203447729443, 1157.9825985283462],[381.36986326417116, 345.96677070738554, 314.40653223393156, 729.5869919388564],[78.10370863798101, 95.8475618160376, 164.13689069310738, 532.9529193362064],[59.03085936726252, 486.168943203468, 1153.4849878821065, 135.13582470500907, 311.3695626495426, 649.18097581211]
EH	1	BEST	503.0	1569.2	2574.9	57.4	130.5	83.5	35.731	35.714	35.764	0.05	2	3	4	1	1	3			497.2	1561.0	503.0	1569.2	507.0	1585.3	504.3	1598.4	496.9	1603.9	B	S	['B', 'EH1', 'S', 'T']	1	5	[606.2755196130024, 2372.067102189404, 3140.112602410882],[524.6196078743142, 1683.634388789282, 2655.762230063257, 3752.9282316994736],[502.9924053479765, 1569.15014889054, 2574.8537113919047, 3517.7877582787173],[493.29201583090014, 1530.105123961961, 1735.213574314877, 2593.9668487336353, 3506.515129141067]	[617.2269857585911, 757.5633273389232, 1170.0250244324598],[238.71307282646944, 486.01735852016446, 227.43674172226966, 412.45059077295673],[57.39093634856038, 130.49422688448772, 83.54947746500557, 209.5502879782511],[34.56886831589529, 270.6824225695301, 970.6750819142403, 67.42914409092093, 127.74728772206502]	removed	unallowed
IH	1	THING	360.3	1744.7	2459.5	98.3	688.6	204.4	35.883	35.873	35.904	0.031	1	4	6	2	3	0			360.3	1744.7	360.3	1744.7	353.2	1622.2	348.1	1528.8	348.1	1528.8	TH	NG	['TH', 'IH1', 'NG']	1	5	[349.35430052891206, 2411.01360796928],[373.2010103465545, 2098.756819221236, 2666.147091730634],[360.3283310839093, 1744.674389387671, 2459.450662579499, 3871.1714768702222],[344.5794187022579, 1095.4729815295127, 2116.872678997509, 2538.319493917219, 3706.0814710389905, 4681.708669685251]	[418.86138937644336, 176.26220492729647],[185.22415687729438, 949.8635294893695, 1050.831598877937],[98.31174718377387, 688.5963308549893, 204.37871479275154, 1029.8533920389193],[55.35269277693844, 516.6575385025955, 407.79502158337135, 116.61065776301915, 334.2274943082505, 292.2901739900168]
AH	0	ABOUT	373.9	1470.8	2274.1	127.7	329.0	66.5	35.974	35.964	35.993	0.029	6	1	1	2	0	1			373.9	1470.8	373.9	1470.8	374.4	1456.1	376.5	1415.1	376.5	1415.1		B	['AH0', 'B', 'AW1', 'T']	0	5	[433.9945898999129, 2195.1218418627977, 3266.4700788823316],[619.7164277648692, 2220.665533061054, 3254.750202616729],[373.89024975608555, 1470.8215912252335, 2274.116431964385, 3253.5719981759407, 4500.364610807601],[362.9248850939247, 1357.036473825655, 2253.9631990009507, 2361.0157566117136, 3270.6298487115214, 4453.091650322664]	[507.91387378805115, 220.2107527836453, 287.32535674099813],[658.5577832448741, 140.68656027344338, 202.25767598838644],[127.74286416941874, 328.9876096571916, 66.47463743990548, 79.35424104027342, 1350.3060678925092],[59.13782719780639, 283.9351304488871, 175.45818771886283, 1022.9285230480018, 62.709202401737095, 574.9279372858919]
AW	1	ABOUT	565.5	1290.4	1691.6	65.6	240.6	1637.4	36.038	36.013	36.123	0.11	42	1	4	1	1	0			554.1	1303.7	600.2	1161.8	613.7	1153.9	582.9	1237.1	513.3	1231.7	B	T	['AH0', 'B', 'AW1', 'T']	2	6	[865.4271481400258, 1428.4598366311666],[855.7808290023229, 1936.2426434171812, 3056.487688033545],[571.4166891689299, 1303.611663902104, 2401.0159493786177, 3346.549748536863],[565.4912045073434, 1290.4219249385114, 1691.6089285886048, 2433.792526789783, 3350.5009627552145]	[1697.3000275349814, 529.1560970982509],[925.0820349177363, 827.7556711205266, 832.41611736754],[68.14623866378348, 29.78012623255419, 149.8000768174554, 115.08863880284542],[65.60863465306, 240.5588179285725, 1637.4170284820952, 114.56725133361434, 43.73378240702053]	removed	unallowed
UW	1	MUSIC	325.6	2055.3	2467.1	92.8	336.2	634.1	36.263	36.253	36.283	0.03	82	3	4	2	9	1			330.5	2136.6	330.5	2136.6	331.5	2133.3	332.4	2129.1	332.4	2129.1	Y	Z	['M', 'Y', 'UW1', 'Z', 'IH0', 'K']	2	5	[2057.638275394869],[330.51775464633914, 2136.621280707991, 2738.986380788163, 4533.819373921186],[325.63579280602613, 2055.2772966389825, 2467.075654248944, 3304.428609380967],[320.99151251842045, 1294.3911955527508, 2133.8607253109976, 2679.33063155048, 3641.0258194652783]	[317.62338046261567],[176.70672221934393, 216.26858704547732, 503.43284159597204, 737.0027067956341],[92.77730214225502, 336.16149247789576, 634.0567333787791, 1448.6951431176024],[84.8628196161843, 1246.321477565161, 184.49635632513287, 391.3724202138942, 405.07411157881734]
IH	0	MUSIC	412.0	1925.7	2467.1	86.4	91.9	189.2	36.38	36.353	36.433	0.08	1	1	6	1	3	0			401.3	1889.5	412.7	1929.3	412.8	1982.0	404.1	2057.9	395.8	2121.7	Z	K	['M', 'Y', 'UW1', 'Z', 'IH0', 'K']	4	5	[2078.3337942332555, 2866.4968731612503],[381.72519257411295, 2049.7213439365605, 2886.6094545821643],[412.040802359725, 1925.7096947026105, 2467.113579015381, 3464.8512032956896],[403.173547770895, 1804.2441467827077, 1946.4125492461626, 2527.677479644629, 3490.770578781879]	[399.31287954947527, 1309.3898010272787],[624.917591515269, 176.48010141850534, 572.1707446423741],[86.40208082661528, 91.8873506124184, 189.24963949112723, 341.4701432554423],[52.63951284821708, 1182.7562013871504, 150.1128762866786, 208.11560781080954, 203.8640631903346]
IH	1	IS	395.4	2024.7	2584.7	98.0	120.3	366.1	36.547	36.533	36.574	0.041	1	3	4	2	0	0			389.5	2100.7	391.3	2097.5	401.7	2086.3	407.5	2069.8	407.3	2067.4		Z	['IH1', 'Z']	0	5	[2190.9131649786586],[391.31430365569554, 2097.4881657827727, 2845.764266309567, 4529.404433138354],[395.37590866281266, 2024.681187636435, 2584.733368800317, 3486.103820206814, 4630.333539526396],[387.55921919415624, 1468.8580918249418, 2052.613560070224, 2646.590058789289, 3638.659632206734, 4623.685739140367]	[310.3728659828816],[374.37179219486376, 129.10341248797414, 431.09169999399006, 505.00739118446893],[98.04623813268329, 120.28674233772095, 366.06761225684386, 1241.089806246856, 658.3952502171118],[87.4972240767762, 1370.605639401046, 90.71875196798322, 189.87819083936097, 381.7011842757804, 206.64019094521203]
EH	1	SHARING	513.0	1951.1	2465.4	438.1	413.2	654.1	36.74	36.723	36.773	0.05	2	6	4	2	5	1			499.6	1972.4	513.0	1951.1	551.3	1903.0	576.4	1830.1	588.1	1740.6	SH	R	['SH', 'EH1', 'R', 'IH0', 'NG']	1	5	[1693.7934290346216, 2860.0024198143556],[519.4689701193442, 2061.742924738924, 3026.4485923014327],[513.0053486617195, 1951.0787564122159, 2465.376062598232, 3214.990500402167],[466.85785663345325, 1625.0645098506614, 2045.2291639493033, 2789.1124579748785, 3318.435367514546]	[737.6250434039413, 478.52695761859695],[938.8536694816274, 291.37768578440205, 464.78640461939494],[438.1416935100508, 413.15523098937183, 654.1229754700706, 411.80193127570993],[267.2641174449666, 807.5605608219429, 417.1049586801062, 506.6094501010464, 462.5575055865771]	removed	unallowed
IH	0	SHARING	471.4	1273.4	1927.6	266.3	788.6	545.6	36.813	36.803	36.834	0.031	1	4	6	2	7	0			471.4	1273.4	471.4	1273.4	436.2	1234.0	405.9	1165.3	405.9	1165.3	R	NG	['SH', 'EH1', 'R', 'IH0', 'NG']	3	6	[725.6363336158262, 2289.773207190945],[515.7549985013109, 1784.3020425511284, 2627.1981766262948, 4625.587552779428],[492.4492342904473, 1607.4121791301593, 2280.896397428942, 3141.24013263245],[471.4273952082356, 1273.380613990209, 1927.614707785849, 2646.5683351318444, 3746.240942301985]	[1278.898003147996, 750.7909837721048],[397.52811454529467, 626.3749051006658, 697.2604771310226, 1434.5630880696744],[316.1532599905399, 764.7315381027279, 779.4086665314879, 919.4042537832897],[266.29187551797327, 788.5852227438979, 545.5790291345132, 386.8802770304899, 542.0818076357067]	removed	unallowed
AH	0	IT	438.2	1927.2	2308.4	200.1	546.4	722.1	36.89	36.874	36.923	0.049	6	1	4	1	0	0			428.8	1957.6	441.0	1913.9	448.2	1804.0	449.6	1614.7	448.4	1499.8		T	['AH0', 'T']	0	5	[408.9532063649443, 2214.2006744196365],[457.11588331974673, 2052.701703547989, 2998.4449194142862],[438.22046181374486, 1927.1677490108216, 2308.4009007743125, 3243.669739260151],[450.11147385243305, 1782.3128248925902, 2167.013073635548, 2956.420420926312, 3827.2830963246206]	[984.2238945309768, 419.8400898193213],[335.9711278510687, 249.8073059391669, 665.7686994588092],[200.13118291995397, 546.3818014647779, 722.0508507286552, 635.1441713965868],[212.46399205654015, 847.0099689351748, 481.43993172950474, 688.1282211276382, 1089.7926517631086]
IH	1	WITH	409.1	1306.5	2235.5	69.5	170.4	220.4	37.013	37.003	37.033	0.03	1	3	3	1	9	0			409.1	1306.5	409.1	1306.5	408.2	1313.9	404.3	1316.5	404.3	1316.5	W	TH	['W', 'IH1', 'TH']	1	6	[511.50806948169316, 1960.7855643623077],[465.71001477918793, 1682.175884483148, 2712.436908217614],[413.3753869013589, 1329.813438454726, 2269.3256062993682, 3436.7838076546786, 4286.547576590408],[409.0824987179717, 1306.545136232595, 2235.4519866029686, 2998.8040922855234, 3772.6003096251106]	[907.5799528362664, 970.1030097728845],[568.2379161100476, 1108.5626038739297, 1269.6432297395884],[97.1586800288297, 218.64809965548534, 220.55979853469012, 429.5970844215751, 566.5273380518373],[69.50108107207397, 170.36605658153184, 220.36166393250824, 999.3998562086416, 731.3281791488653]
IY	1	PEOPLE	295.2	2140.4	2608.2	75.3	102.0	210.7	37.18	37.144	37.253	0.109	11	1	1	1	1	1			302.9	2133.2	294.5	2141.7	289.3	2130.2	307.0	1920.7	347.7	1737.7	P	P	['P', 'IY1', 'P', 'AH0', 'L']	1	5	[2296.4782756291083, 3203.656206966164],[1936.0483658822172, 3004.464438520484],[295.1860775461332, 2140.3995377097835, 2608.2220310923376, 3487.289355825356, 4712.164387778126],[292.50293681699225, 1592.0070254286954, 2169.2192180259012, 2673.5735225157696, 3527.1690339469646, 4630.175273152661]	[247.27071237791213, 932.346131816987],[237.9614203052492, 467.280717819737],[75.25895691505548, 102.02236533245046, 210.74581081854674, 283.95443127828463, 667.4424004267593],[80.02483132877525, 2015.7185277034164, 86.862296418431, 150.5032418705198, 130.20583583627413, 208.88717756349047]
AH	0	PEOPLE	397.3	979.3	2364.2	71.0	83.4	987.3	37.307	37.293	37.334	0.041	6	5	4	2	1	0			395.0	986.9	397.3	979.3	403.7	961.2	408.6	950.8	408.9	949.8	P	L	['P', 'IY1', 'P', 'AH0', 'L']	3	6	[649.749241832865, 2578.735278960448],[761.3954532490015, 2560.842542996415, 3487.896794249932],[406.0828139532433, 997.7727474821021, 2474.9741341623676, 3425.736596069214, 4449.594580370057],[397.34007395766923, 979.3438282125467, 2364.2499476722155, 2613.8787813427025, 3457.615694648195, 4504.080188048177]	[446.8703190328751, 1811.3897506046808],[299.6401536110057, 1105.4150439310893, 911.2530123560292],[112.17788213927464, 118.6722875597281, 170.43274853223366, 227.74844495343805, 798.4423507197831],[70.99458627591802, 83.38235329676144, 987.2877476413591, 1220.6798303158967, 227.08541881553433, 611.4022353664939]
AE	1	AND	635.6	1902.4	2618.7	209.2	146.9	179.6	37.944	37.874	38.084	0.21	3	4	4	2	0	3			648.4	1945.9	638.4	1897.6	617.4	1734.6	668.1	1887.4	653.1	1918.3		N	['AE1', 'N', 'D']	0	5	[1189.4225121238023, 2473.688689214474],[615.1342920373595, 2042.0229276980688, 2979.7034368483755],[635.5808718147508, 1902.3671911850681, 2618.721619831525, 3626.0821368769143],[585.7685191917068, 1014.2819708617556, 1925.813710725261, 2640.0088959168365, 3633.803564504897]	[849.3765272719929, 1241.5657873385937],[370.5914686023994, 344.3231866875514, 862.0920026461927],[209.20965898436302, 146.8964662744972, 179.5891473628506, 175.80477370999634],[216.62389386014172, 1540.4460335483454, 150.99911836024455, 154.98635818013133, 138.32508444367502]	removed	unallowed
UW	1	YOU	372.1	1996.9	2509.4	232.3	384.8	442.2	38.244	38.234	38.264	0.03	82	0	0	0	9	0			372.1	1996.9	372.1	1996.9	379.3	1962.3	386.0	1928.2	386.0	1928.2	Y		['Y', 'UW1']	1	5	[2285.775680857884, 3247.5727261924367],[356.4121641319787, 2152.6763100319604, 2809.920517820555, 4096.149936686627],[372.0565408893565, 1996.8748408603722, 2509.384948321895, 3441.135110960723],[358.18188358949845, 1490.3758044117044, 2114.2229820568436, 2600.6137362724694, 3480.0507167676774]	[397.02339794255676, 1529.5016929092803],[519.012057046182, 295.250056820286, 652.1436308967725, 1210.327278110196],[232.31180081527708, 384.81128287857484, 442.2141852046863, 716.733636179146],[181.77020119090437, 1103.234540667052, 348.16482110554733, 519.7217082283746, 385.45784299447075]
OW	1	KNOW	525.6	1287.8	2004.9	181.2	189.1	754.2	38.307	38.294	38.364	0.07	63	0	0	0	4	0			526.5	1281.6	531.6	1239.5	528.8	1214.0	521.4	1194.4	506.5	1195.5	N		['N', 'OW1']	1	6	[1155.5992671990266, 2319.522339824995],[1145.5558153149427, 2211.890852669352, 2940.4680462795973],[578.9136439009867, 1334.6944833038388, 2400.6105713308075, 3135.3687324563066],[525.6476463585088, 1287.8429558364899, 2004.9047246980135, 2559.043415013296, 3225.123638334189]	[1419.3923244994774, 1282.693456475882],[527.3411909796417, 1106.8754563590908, 542.6230816491238],[329.7527079075014, 228.60347364523716, 321.39399248246156, 327.80613445047265],[181.20781681706808, 189.09510155740335, 754.2455080636987, 346.4397005989025, 264.5105255499915]	removed	unallowed
IH	1	SINGING	379.0	2029.6	2608.7	121.6	118.2	118.6	38.514	38.504	38.533	0.029	1	4	6	2	3	1			379.0	2029.6	379.0	2029.6	375.1	2053.8	371.7	2078.4	371.7	2078.4	S	NG	['S', 'IH1', 'NG', 'IH0', 'NG']	1	5	[2340.5849050394013, 3364.200079676281],[319.0875011203788, 2150.2497415405537, 2707.0814546362985, 3840.1339539770224],[379.04016842078005, 2029.5785969116123, 2608.7426951038506, 3646.5764376425573],[369.31690111841533, 1768.7392506344925, 2046.8426003407687, 2629.9690560243157, 3631.202586923214]	[291.72223922180217, 906.5939963619519],[567.9026771958415, 296.5947971214389, 350.72696610803416, 379.57816133475177],[121.64652973048723, 118.20484067746293, 118.63161928057166, 225.12444102377594],[77.94231113896102, 1417.417476489881, 165.2061489835196, 113.28068782404718, 175.49765021625987]
IH	0	SINGING	420.2	1271.3	2055.8	279.5	488.3	569.7	38.644	38.634	38.664	0.03	1	4	6	2	0	0			420.2	1271.3	420.2	1271.3	421.8	1268.7	422.5	1259.2	422.5	1259.2	NG	NG	['S', 'IH1', 'NG', 'IH0', 'NG']	3	6	[1129.1185636405764, 2571.027398421185],[1144.4502653383204, 2228.2382921786875, 3259.174937253288],[466.2593521159872, 1526.8615934203074, 2306.0933069232087, 3330.271992532006],[420.19237181666597, 1271.2831111838468, 2055.8039122036007, 2376.4665483283125, 3355.664710357594, 4557.0867948697305]	[914.3788167502545, 888.7848915143242],[925.9399084369554, 255.35784855168265, 670.7578355742044],[430.92841031439474, 439.8436992411472, 174.12689508782353, 343.5291396837342],[279.5457061764682, 488.3474969091447, 569.7267432097169, 225.84265708885945, 146.97627440343945, 418.4823759278615]
IH	1	WITH	395.4	1489.5	2332.6	58.2	219.1	179.3	38.784	38.774	38.803	0.029	1	3	3	1	9	0			395.4	1489.5	395.4	1489.5	395.6	1493.0	395.6	1509.7	395.6	1509.7	W	TH	['W', 'IH1', 'TH']	1	5	[406.1289937763589, 2175.9590769977613, 3513.0484041214163],[438.00222679316545, 1996.6613799615254, 3053.964975021757],[395.4247144921734, 1489.4847664505246, 2332.5673917957, 3307.3901970081242, 4470.161585066101],[390.6867363986666, 1445.9241387560094, 1962.8341537564754, 2411.400725660323, 3348.455742217205, 4463.140908972896]	[703.6077907510437, 695.4519343169669, 1077.6952022808593],[439.5449284739577, 608.3777363657944, 1010.0964738244508],[58.208931915019576, 219.11172371798222, 179.30404974946956, 240.61685459663374, 800.3971490145096],[46.20975924994459, 313.42413644004756, 1171.9340021151254, 422.54021275746214, 155.07820928046772, 285.9615165423653]
IY	1	PEOPLE	297.0	2073.8	2536.9	79.4	153.7	140.3	38.964	38.924	39.044	0.12	11	1	1	1	1	1			306.8	2077.4	296.0	2073.3	296.3	2061.9	331.1	1828.5	321.4	1630.4	P	P	['P', 'IY1', 'P', 'AH0', 'L']	1	5	[2345.678404766979, 3007.3877480819847],[1881.6116844063563, 2880.9187082001354],[296.99945746697244, 2073.786831177991, 2536.919119484964, 3285.8500135749446, 4553.777523448518],[292.5159420693407, 1654.6878046220802, 2138.571435870255, 2598.2914588223075, 3343.6241852852236, 4542.201173489073]	[295.9820785390722, 874.3233385502552],[285.7929829811394, 421.61729848184166],[79.36909132531684, 153.70336667083754, 140.27492626653603, 217.29996129539944, 585.747409137373],[75.10342999481573, 1477.5365723299556, 157.89793889274267, 125.00551520833032, 105.23759003822823, 168.15058406126624]
AH	0	PEOPLE	392.1	970.9	2481.1	49.5	49.3	290.6	39.114	39.104	39.134	0.03	6	5	4	2	1	0			392.1	970.9	392.1	970.9	394.3	969.0	398.0	970.5	398.0	970.5	P	L	['P', 'IY1', 'P', 'AH0', 'L']	3	5	[784.9303910358195, 3243.12683060857],[427.9020908901597, 951.8980376005205, 3085.363704976102, 4266.192298226449],[392.1473829967471, 970.8674347513509, 2481.051864659246, 3369.675583786859, 4518.557008163537],[391.61760752833476, 969.3183151205559, 1929.7618423799186, 2869.260961611455, 3757.7088263097917]	[290.5502130287763, 765.0730035194341],[517.2477148197303, 404.3145643484242, 454.7780816973849, 1456.2884120946746],[49.49292844320421, 49.3053871816076, 290.55173361539096, 247.4171637428957, 660.3300280465489],[53.31888858508081, 54.55573450485717, 1387.913929185294, 372.9034699803061, 281.6435794333013]
AE	1	YEAH	492.5	1715.4	2528.1	69.3	64.1	190.0	40.009	39.962	40.102	0.14	3	0	0	0	9	0			462.2	1759.1	495.4	1714.0	509.2	1683.9	505.8	1663.0	488.7	1639.4	Y		['Y', 'AE1']	1	5	[493.56302300240435, 1903.448503346427, 3407.7006140929834],[494.75333209614706, 1771.3981263769926, 2897.049975658921, 4082.986019716679],[492.4728462314009, 1715.415418522267, 2528.094592689936, 3461.860919880804],[478.3985197974141, 1525.462017410272, 1727.5948066941369, 2596.3904698320666, 3496.2265404065297]	[669.2785769747924, 404.8022395423123, 852.1295489394456],[138.7558840937173, 155.0847981487386, 520.0950905062691, 1342.3570010039302],[69.25699226544651, 64.07897141623644, 190.00075494917732, 139.47958226245458],[47.670000551159575, 1528.5514767658865, 117.28404574977951, 208.9308694202229, 102.77537582435536]	removed	unallowed
AE	1	YEAH	473.0	1834.0	3221.8	41.1	97.9	526.2	43.028	42.998	43.088	0.09	3	0	0	0	9	0			465.3	1872.9	473.8	1831.5	489.8	1810.1	498.7	1746.3	475.3	1647.4	Y		['Y', 'AE1']	1	4	[485.3084758639767, 1949.7875789402935, 4191.030153509526],[473.0450101112229, 1833.9714550109245, 3221.8093613112997],[467.2914760163845, 1688.424384917989, 2049.590204883237, 3303.286137234465],[465.0888944098758, 1340.3972515250655, 1832.6422734876487, 2612.582305211172, 3507.1680779944013]	[211.94461047198675, 294.39280080912897, 1058.6647249712985],[41.096994253221155, 97.85629289762717, 526.1854250608582],[18.353385162850834, 591.4802107801805, 442.5995526509912, 269.6213451464291],[15.689752762744654, 1016.4377177417242, 119.53664605593075, 1049.8721743561143, 242.03145666523193]
AH	1	BUT	440.3	1474.2	2354.4	27.7	78.1	542.7	43.161	43.128	43.228	0.1	6	1	4	1	1	0			435.7	1420.8	440.5	1481.0	440.3	1510.5	436.7	1541.3	425.6	1562.3	B	T	['B', 'AH1', 'T']	1	5	[812.919810616896, 2403.753381437555],[457.7046764686831, 1568.8785652684937, 3315.869607075244],[440.29269447545965, 1474.2318108693012, 2354.3647595290427, 3355.3462713397066],[441.56643963743886, 1322.5510659958088, 1805.2066006715897, 2689.4498757816327, 3710.7931129716203]	[746.4029659505088, 555.2887128791816],[142.320291707625, 168.3778322785599, 131.53121606236888],[27.73983913253673, 78.10085437514222, 542.6767891003296, 68.14926959433437],[32.90553846630005, 2142.692923102, 1241.478687641775, 354.5191643790819, 252.76513634196326]	removed	unallowed
EH	1	THEY'RE	465.5	1930.2	3172.1	26.7	165.6	380.5	43.457	43.447	43.478	0.031	24	6	4	2	3	0			465.5	1930.2	465.5	1930.2	465.3	1959.7	464.5	1978.1	464.5	1978.1	DH	R	['DH', 'EH1', 'R']	1	4	[479.9993585526669, 2355.1401605838605, 4084.7888865627924],[465.53951486774054, 1930.2016459856156, 3172.081923565588],[463.46874957939673, 1882.3958621572401, 2624.0717395509337],[468.50452397967405, 1868.4182254711861, 2576.6312921560907, 3408.077150512809]	[182.11963380324184, 571.5073612863174, 1419.0505262095153],[26.652252431778837, 165.5952653965707, 380.49038103900034],[15.216394572125456, 436.34616009920603, 993.6418777552644],[18.812411462296446, 102.13329521656074, 477.0881919894686, 218.86231340669798]
AA	1	NOT	421.4	1870.0	2458.4	24.7	135.0	212.1	43.547	43.537	43.567	0.03	5	1	4	1	4	0			421.4	1870.0	421.4	1870.0	424.1	1841.8	427.1	1810.5	427.1	1810.5	N	T	['N', 'AA1', 'T']	1	5	[388.15512570752327, 2218.5938978339104, 3648.6176278598055],[433.82350501737784, 2036.843891129655, 2859.8584601148673, 4090.2283940285056],[421.36960641294536, 1870.0117983330285, 2458.408976537227, 3480.396600705896, 4632.268998368016],[421.9008055980855, 1761.8758541317636, 2207.5515940127407, 2998.5108071074633, 3870.132737362953]	[744.8948977575054, 325.8229293638664, 1005.7054267334445],[142.98941880440066, 193.8900352021033, 553.7827599911031, 817.6209157703702],[24.746837131363396, 135.01495211788415, 212.14862297641452, 408.56652865814385, 1246.1523287984053],[27.074314641482946, 1476.7657738503867, 161.06360080348477, 358.7137875262425, 861.6837054745579]
AA	1	GONNA	666.9	1438.0	2252.1	181.4	107.3	415.4	43.634	43.617	43.667	0.05	53	4	4	2	6	1			655.4	1438.6	666.9	1438.0	668.2	1436.2	643.9	1449.1	599.5	1462.8	G	N	['G', 'AA1', 'N', 'AH0']	1	5	[808.7621535154067, 1412.5115402273273, 3034.648261671056],[1049.2242688221347, 1611.2381961638196, 3022.4087776585297],[666.8968662294994, 1437.991682367284, 2252.0640755608397, 3083.755606217644],[703.6849489834735, 1450.6502504117516, 2231.0943780345215, 3019.946948866936]	[2590.0953645236427, 418.8738239165969, 372.4494652084008],[718.3574499370717, 482.6303447459818, 199.4670817937087],[181.4039490846139, 107.28309002160138, 415.3960452025795, 111.3811989243776],[208.28792024139545, 321.4515910038225, 486.80491288575945, 101.80400049374177]	removed	unallowed
AH	0	GONNA	399.1	1635.2	2380.0	156.4	298.1	352.3	43.717	43.697	43.757	0.06	6	0	0	0	4	0			366.7	1591.3	402.2	1623.0	426.1	1524.3	437.8	1479.4	414.1	1420.1	N		['G', 'AA1', 'N', 'AH0']	3	6	[1509.9245364812468, 2939.9011015612273],[404.69579854747366, 1922.17099044185, 3268.319922837767, 4142.756958604405],[384.9642809781453, 1629.5326696592701, 2350.271815685013, 3304.308910087485, 4310.912771129912],[399.141444361182, 1635.2021811869008, 2380.0016298096157, 3288.4971796291006, 4110.661703581643]	[1182.857903173635, 729.3876005365751],[344.15441374576136, 461.02364703058083, 299.43316317914974, 2232.3184888051405],[130.30194058452236, 452.71618399431594, 499.5031899161839, 160.57583081953263, 704.0352561056097],[156.37393726051414, 298.1309880243457, 352.29736924353966, 133.37475364231517, 712.3284177317946]
IY	0	BE	383.4	1417.0	2277.8	161.4	265.5	400.4	43.787	43.777	43.807	0.03	12	0	0	0	1	0			383.4	1417.0	383.4	1417.0	381.9	1412.7	381.8	1405.4	381.8	1405.4	B		['B', 'IY0']	1	5	[1246.544835888246, 2466.3821914775476],[529.7689735275335, 1693.764500032474],[383.4122615005589, 1417.0448935897107, 2277.7918447139136, 3055.5421291460016],[369.0299442137582, 1297.660081789035, 1942.329028156615, 2618.5386175628723, 3323.149217007572]	[1360.4849790496069, 1031.1626929908202],[867.2467714081417, 617.2730825046156],[161.42124447676235, 265.4642135490955, 400.4347752233091, 577.4596077598605],[83.09492313602223, 253.805753052316, 451.31524259101, 503.66449374812345, 590.7735236129347]
EY	1	ABLE	414.1	1394.8	2196.2	45.4	77.7	161.5	43.822	43.807	43.837	0.03	21	1	1	2	0	1			410.5	1387.8	410.5	1387.8	414.1	1394.8	417.1	1401.2	417.1	1401.2		B	['EY1', 'B', 'AH0', 'L']	0	5	[810.5075974913838],[432.0461254562144, 1513.6463609079876, 2429.1485903627645, 4315.7023387560685],[414.09107347109165, 1394.7576638625053, 2196.1805926717775, 3352.211908048937, 4464.5060308853745],[413.44968098912125, 1392.0974473578813, 1701.817531942864, 2228.8885596430255, 3416.118398830982, 4494.921925368986]	[1533.70583877816],[311.3176834097692, 348.37876392914785, 539.1854696363347, 693.2395372019121],[45.36968740158695, 77.67747567274782, 161.45760526673456, 709.2768155112695, 559.2598543663452],[46.64201078813754, 616.9940069078154, 1970.576616955834, 461.8904778281305, 410.28428638182, 294.17238565874896]
AH	0	ABLE	462.1	1415.9	2399.2	30.6	71.9	225.8	43.871	43.858	43.897	0.039	6	5	4	2	1	0			460.4	1418.2	463.8	1413.8	471.6	1405.4	479.1	1402.1	480.6	1402.3	B	L	['EY1', 'B', 'AH0', 'L']	2	6	[520.8992865127868, 1844.4766901540709, 3615.0615508752917],[467.23329376719005, 1528.1302930643321, 3171.3530584092023, 4250.827171568795],[453.68374527335254, 1380.7074673119516, 2308.2030211697643, 3329.2016261876747, 4406.716507992876],[462.13307036188576, 1415.9454573046721, 2399.198486332813, 3346.1618125985965, 4404.591519891642]	[411.51375019312627, 1582.2212320026706, 888.5570370416536],[83.98783237380539, 272.25379668026613, 440.3774950992764, 1222.1572879456398],[17.33046052199137, 105.35960490977773, 419.7528611157057, 179.11750987132962, 397.9677824344953],[30.620477110423707, 71.88518461351228, 225.83099219828492, 99.61289794220141, 244.73206986833043]	removed	unallowed
IH	0	TO	413.4	1895.6	2602.1	49.3	162.2	222.5	43.977	43.957	44.018	0.061	1	0	0	0	3	0			430.9	2132.9							832.6	2898.8	T		['T', 'IH0']	1	4	[460.3586004397983],[413.3779654399121, 1895.5937596792944, 2602.080407711541, 4390.181824135608],[409.4100360863779, 1824.2519783413043, 2498.2952794140047, 3286.04820873243],[406.72207870984056, 1298.316582627294, 1873.2304551044633, 2520.511412901908, 3505.206127758327, 4534.29963047245]	[520.0913680246487],[49.32104054219108, 162.16615763323722, 222.49969028395756, 494.7537524931202],[18.56839023163458, 138.75670921557875, 227.86055410855883, 1791.4990090104482],[14.191001372562177, 960.203643327369, 102.00399029986805, 85.76311136665834, 322.74644913346907, 161.88981442298515]
IH	1	HEAR	414.5	1893.0	2500.0	36.9	112.3	150.6	44.174	44.107	44.307	0.2	14	6	4	2	0	0			405.7	1947.3	415.5	1888.4	424.9	1820.3	437.7	1764.7	449.5	1706.6	HH	R	['HH', 'IH1', 'R']	1	5	[939.6632758129906, 2656.50661710909],[427.16663354571347, 2083.650759343737, 2805.6467703420058, 3811.9780260404486],[414.46780310800676, 1893.0492463893315, 2499.9521985179344, 3468.7166759393135, 4513.896226869701],[411.33069752470334, 1873.1720927726556, 2303.9602950936355, 2542.3275290128063, 3506.461982470469]	[779.5972801205694, 569.7684603378585],[276.20387612685363, 253.30387674313192, 611.4815129783091, 542.363139838255],[36.861209561746236, 112.31045236722443, 150.62495192387348, 237.63678362167525, 1411.6879301130612],[23.202286535836407, 169.58955370466813, 1265.989197429636, 600.8378852807664, 202.58078017655174]
AY	1	LIKE	603.5	1418.0	1749.2	112.2	93.1	2307.2	44.421	44.387	44.488	0.101	47	1	6	1	7	0		s	586.6	1347.8	603.4	1423.7	587.3	1508.7	527.8	1611.3	475.9	1623.1	L	K	['L', 'AY1', 'K']	1	6	[1261.6044876547837, 2911.617288681631],[737.5143450009319, 1473.379366075222, 2802.4776570835575, 3848.5783784054465],[613.3388531730038, 1474.5824948304553, 2498.4593913179997, 3369.5497137521243],[603.4984395812521, 1418.0070525780188, 1749.1893581222744, 2496.967987232126, 3392.341673869132]	[548.6336158696108, 790.723851339249],[1045.9604612620724, 586.6766089834656, 619.4232213774102, 1763.0501714470745],[138.6664697519386, 84.85466360161807, 156.48820756583967, 181.85855009611845],[112.20923629472185, 93.10213412614101, 2307.2277289516915, 138.71762917534562, 161.33396497228284]	removed	unallowed
AY	1	LIKE	657.6	1381.5	2331.2	85.9	70.7	594.4	45.351	45.328	45.428	0.1	47	1	6	1	7	0			656.9	1368.7	647.7	1456.6	611.8	1587.1	546.6	1702.3	482.5	1791.9	L	K	['L', 'AY1', 'K']	1	5	[1244.0003218681138, 2730.559196655946],[722.5352915242684, 1435.0022711703484, 2894.7186910929663],[657.6070974226741, 1381.4525089547426, 2331.236854346735, 3055.787580223876],[649.2222826765029, 1374.3327863435727, 1456.6418587463857, 2468.0764810874566, 3105.8528488024954]	[312.59927097489907, 1024.126965813474],[291.7914462245761, 163.32254960761222, 222.36245172961208],[85.90874112903224, 70.70000418890335, 594.4245883773845, 252.40666225415904],[88.585784744666, 283.90998472617446, 1341.6048430683065, 409.1382713294573, 174.20185591875506]	removed	unallowed
IH	1	IT'S	389.9	1957.2	2554.1	35.5	331.2	141.1	45.531	45.508	45.578	0.07	1	1	4	1	0	3			385.2	1979.2	391.5	1947.7	397.3	1852.8	398.5	1770.5	397.9	1722.8		T	['IH1', 'T', 'S']	0	5	[377.19673985150547, 2475.6486886970915, 4049.311290040837],[401.01839591043927, 2355.555292246175, 2751.320069217701, 4180.923542504892],[389.90549828053634, 1957.1717394162558, 2554.0943337157064, 3744.069822033972, 4258.8910348867785],[387.5795568765523, 1835.1912123903376, 2034.3390730985877, 2577.997718297193, 3789.4829412611525, 4357.231081342322]	[539.616320661725, 160.18369144939737, 573.2290255641348],[155.14089168655065, 335.12727832498405, 754.5963690010481, 332.9338445375855],[35.49342944313983, 331.17581034492207, 141.08590009174614, 911.7567944214694, 617.1347249219662],[29.56303354072476, 1297.382284942165, 856.963240622373, 161.745362272298, 476.48994425466316, 400.16380738467944]
AO	1	ALL	615.3	1280.6	1790.8	106.4	65.7	1448.1	45.681	45.668	45.707	0.039	53	5	4	2	0	0			609.6	1283.2	620.6	1278.0	638.4	1265.5	641.8	1253.2	638.6	1249.8		L	['AO1', 'L']	0	6	[1189.7983776733706, 2646.710936919141],[705.980932246691, 1288.6690918891038, 2642.546481447211, 4295.4448264066295],[633.7104685320513, 1290.9395792483722, 2521.674637906415, 3331.947797859718],[615.342333272367, 1280.554778992997, 1790.7952229608375, 2551.5649885912835, 3437.1262147558314, 4584.206684898329]	[223.01474944654547, 456.87031810612393],[680.0650659971014, 249.54914691606618, 219.2012209584886, 869.795319192928],[134.2131491334536, 55.10092379835266, 154.66628876042253, 791.2324442727621],[106.37716006699905, 65.66919730483464, 1448.0935113321516, 121.59033009860279, 421.13294740230054, 450.22410872585095]	removed	unallowed
AH	0	ABOUT	465.7	1193.3	2357.2	63.2	56.5	1808.6	45.795	45.778	45.828	0.05	6	1	1	2	0	1			476.9	1174.2	465.7	1193.3	442.2	1218.0	413.1	1225.3	381.7	1220.0		B	['AH0', 'B', 'AW1', 'T']	0	6	[814.5421472900643, 1986.9448567895101],[1023.0459066969671, 2772.3324085225454, 3521.288384281099],[470.2294171269395, 1200.2591539058135, 2628.686254583135, 3353.2993151146507],[465.718241991863, 1193.2819113167475, 2357.177642371864, 2755.814628475426, 3366.4805038027944]	[693.2018506907715, 2680.5121843536704],[423.62606875353873, 431.9377349093858, 656.6853339867396],[79.8970273281947, 61.159166200314274, 80.408751567898, 125.75147390077342],[63.24798382899154, 56.522910161277984, 1808.5817811150107, 794.1189152738136, 128.3248887009505]	removed	unallowed
AW	1	ABOUT	573.2	1257.2	2123.9	95.1	37.0	2516.0	45.908	45.878	45.998	0.12	42	1	4	1	1	0			545.2	1264.1	626.0	1238.3	649.9	1231.2	646.2	1211.8	640.8	1164.6	B	T	['AH0', 'B', 'AW1', 'T']	2	6	[1085.747296564977, 1988.7327066689302],[1188.3448750480054, 2678.4938549170165, 3496.816026285014],[580.700197557382, 1260.777302462106, 2574.1236840473252, 3344.1518551658546],[573.1534796275322, 1257.2491155895661, 2123.9091480091356, 2584.226222141534, 3347.7114269834965]	[814.6937646225904, 1821.5051940960027],[252.3801714440977, 567.4484581403606, 637.915922600725],[109.61585091594833, 35.40305628801867, 90.58017439590671, 69.99922310476002],[95.07872126135959, 37.045770746617244, 2515.9613806327834, 386.6027199750842, 58.62485615735887]	removed	unallowed
UW	1	YOU	323.4	1984.6	2665.1	94.3	301.6	573.9	46.108	46.098	46.128	0.03	82	0	0	0	9	0			323.4	1984.6	323.4	1984.6	323.2	1963.1	322.9	1949.9	322.9	1949.9	Y		['Y', 'UW1']	1	5	[316.97360339153664, 2193.1279793355193, 3622.108242907711],[315.74872202436666, 2098.4005423585727, 3277.8469451666524],[323.3870950423739, 1984.6065404557673, 2665.1020740857684, 3618.1809964799013],[318.59080824775106, 1626.3067586118073, 2152.1891022739487, 2976.51882091951, 3664.2938594037964]	[157.49879845136485, 309.6037687062605, 169.7699673448494],[96.78861724307782, 308.3188637665333, 1739.4234385428433],[94.3434688625583, 301.57239428345633, 573.9484819307156, 77.31806892028199],[135.76835222742594, 1089.0732195748915, 323.64615898694956, 517.9577290289137, 226.4035830530697]
OW	1	KNOW	504.1	1285.4	2194.4	298.6	102.7	1132.3	46.188	46.168	46.298	0.13	63	0	0	0	4	0			517.4	1249.2	519.9	1169.8	495.7	1116.3	483.2	1087.5	463.0	1096.4	N		['N', 'OW1']	1	6	[1218.221433108604, 2608.5738314424852],[1272.2229403362335, 2546.8325945652728, 3376.830247925611],[558.9810753026321, 1296.112126233843, 2547.4296316349323, 3401.006109232095],[504.0834665210438, 1285.3748696006398, 2194.4442621349503, 2605.482260747544, 3461.2433075403183]	[707.785829934079, 1585.362481720077],[259.1054264863956, 522.3520304926909, 1013.2646151044715],[648.5184351372259, 154.33330094728916, 225.4047564235144, 391.8632814469056],[298.64699207216984, 102.68072799363705, 1132.305981775181, 304.860348027282, 329.1343693668248]	removed	unallowed
UW	1	MUSIC	301.3	1982.5	2547.8	78.1	103.1	168.4	46.528	46.518	46.548	0.03	82	3	4	2	9	1			301.3	1982.5	301.3	1982.5	301.9	1965.4	303.3	1949.4	303.3	1949.4	Y	Z	['M', 'Y', 'UW1', 'Z', 'IH0', 'K']	2	5	[2246.7047103459495, 3987.9507766322845],[162.4909711327132, 2123.042197266282, 2803.0493354290775, 4443.770887856153],[301.2525570565718, 1982.5152999684913, 2547.764886905196, 3631.6249932132037, 4507.159415768089],[301.8609523339071, 1965.9457085430101, 2510.3615898311614, 3338.4570153154446, 4385.536694497626]	[272.6941166207099, 1745.4885440475318],[633.4848556259103, 220.51092844165842, 539.7875458624075, 297.84989417126513],[78.0828765971036, 103.0528664874533, 168.445291430528, 739.6572806034169, 301.56356123692535],[68.0011773055014, 93.17145987928141, 158.29574679087125, 678.0541236750119, 373.77700502787616]
IH	0	MUSIC	380.9	1969.6	2513.6	59.4	61.7	175.9	46.641	46.618	46.687	0.069	1	1	6	1	3	0			381.2	1924.3	380.7	1974.6	381.3	2022.3	374.7	2055.1	367.9	2050.6	Z	K	['M', 'Y', 'UW1', 'Z', 'IH0', 'K']	4	5	[2110.8571493077775, 3499.063610929711],[370.7421240201531, 2061.1663309215787, 2955.061179705423, 4029.6612333739586],[380.88203458617375, 1969.552995957277, 2513.5574051341373, 3565.638921061321],[374.77885306677933, 1655.4881164359788, 1985.0086900348545, 2556.9602194186505, 3560.6887083638558]	[237.87926755666263, 995.7501428752515],[413.27241689918856, 124.45763052502956, 676.950660441947, 1009.505746598529],[59.41963573525302, 61.672081508585755, 175.93939814175235, 162.70782147026185],[38.118032272051835, 1314.063534820756, 82.6071130642947, 154.95105990023657, 103.3767299008439]
AH	0	TOGETHER	379.5	1905.6	2471.3	364.3	338.5	348.6	46.818	46.808	46.838	0.03	6	1	6	2	3	2			379.5	1905.6	379.5	1905.6	362.2	1950.0	345.7	1992.6	345.7	1992.6	T	G	['T', 'AH0', 'G', 'EH1', 'DH', 'ER0']	1	5	[1675.89470129244, 3556.3021530585775],[1316.089537199896, 2360.5372057389404],[379.52168879677816, 1905.6492750579114, 2471.315687890614, 3664.2355630294064],[398.4372946424395, 1498.0484888992846, 2136.9239267457333, 2752.800637943605, 3805.956724828822]	[332.93610634624196, 569.1802420571876],[582.3420262667222, 802.781242160867],[364.2858873205405, 338.5407213375433, 348.6417439777984, 471.43696394535755],[361.8340124686185, 1392.1483219896845, 378.3327121101127, 492.2349846464812, 375.637786592999]
EH	1	TOGETHER	475.1	1665.0	2485.0	32.2	254.3	321.4	46.977	46.947	47.038	0.091	2	3	3	2	6	1			462.2	1827.4	476.8	1638.5	476.1	1457.3	466.0	1309.1	453.6	1247.8	G	DH	['T', 'AH0', 'G', 'EH1', 'DH', 'ER0']	3	5	[535.2758085780022, 2618.761823991547],[499.4350708646005, 2036.4996604842247, 3383.7687453025615],[475.1191635936169, 1665.039854810095, 2484.9727897330235, 3566.0639765171027],[448.85879339714137, 1039.617445224466, 2034.9780946521712, 2911.4735290162907, 4012.862664982014]	[547.8765977429771, 829.1544214701322],[142.41315557172126, 368.93908058649015, 429.8876597699551],[32.203743450478584, 254.32017252297933, 321.35670432619895, 171.03843174087925],[585.8157149103889, 1025.409251841801, 155.33558759849748, 104.98567818172502, 171.4984791732734]	removed	unallowed
ER	0	TOGETHER	484.3	1258.5	3140.9	261.7	135.3	345.8	47.108	47.088	47.147	0.059	94	0	0	0	3	0			484.1	1253.0	484.3	1258.3	483.2	1260.2	476.9	1261.1	470.1	1271.6	DH		['T', 'AH0', 'G', 'EH1', 'DH', 'ER0']	5	4	[1127.5150848848507, 3522.6732874416716],[484.3078332846028, 1258.5279093426063, 3140.875155318142],[459.3187232758027, 1226.087557688507, 2397.0714873032916, 3323.2259939335113, 4486.556205095868],[459.4789116865481, 1172.0613794511455, 1375.61980020517, 2568.9529269702807, 3405.694665053298, 4494.501627293313]	[272.0597685631752, 1172.5988445636372],[261.6963968287111, 135.3216969607956, 345.7723364141399],[44.042773460783756, 28.97754731057356, 538.649711683252, 240.7640745145934, 417.3756594254083],[61.06426592968912, 910.2401234078585, 1132.1253152262395, 248.6040389623626, 96.86428245423718, 120.38544874000512]	removed	unallowed
AY	1	LIKE	598.3	1479.3	2547.8	140.7	67.1	144.5	47.342	47.298	47.388	0.09	47	1	6	1	7	0		s	594.4	1353.4	595.8	1408.7	598.2	1485.0	588.5	1559.8	550.9	1634.1	L	K	['L', 'AY1', 'K']	1	5	[1330.3298211300744, 2501.4870178432384],[629.9242167187316, 1373.8268740898438, 2698.5461972409835, 4347.181558987734],[598.2887088887228, 1479.315212340809, 2547.8106151329534],[582.5126884708784, 1190.7730637140535, 1375.2662444054824, 2559.6162200634026, 3479.71437176203]	[367.2318563351698, 747.7199309928133],[466.44957346176494, 221.0332899092444, 256.5429285394797, 1030.336492737623],[140.7294586355577, 67.06872367793761, 144.4663847522676],[122.99136997086191, 1330.317074593625, 74.35162099337713, 54.92789507046438, 160.78698701205747]	removed	unallowed
