 , , M, , , , 

vowel	stress	word	F1	F2	F3	B1	B2	B3	t	beg	end	dur	cd	fm	fp	fv	ps	fs	style	glide	F1@20%	F2@20%	F1@35%	F2@35%	F1@50%	F2@50%	F1@65%	F2@65%	F1@80%	F2@80%	pPhone	fPhone	allPhones	index	nFormants	poles	bandwidths
AY	1	HI	791.3	1415.1	2419.9	151.5	303.5	355.2	6.935	6.927	7.088	0.161	41	0	0	0	0	0			710.6	1477.2	662.5	1538.8	637.6	1662.0	597.3	1764.0	522.7	1858.6	HH		['HH', 'AY1']	1	5	[1364.8662468492962, 2502.2114306001154],[893.0786429052262, 1743.0894321428461, 2940.3862212267886],[791.316708717872, 1415.0657357594152, 2419.9493019776496, 3522.286016579079],[799.1107639602834, 1264.2038624804793, 1874.163899370416, 2867.746757629636, 3940.758740703592]	[1560.0670596312007, 1074.8295561485925],[270.15349476366526, 628.4285963983416, 587.0941288962644],[151.53509537236815, 303.5260506812499, 355.23725404585826, 641.7069092117101],[286.0060007547474, 1189.0679595579156, 227.82433850681775, 208.6002239090715, 606.5860681554574]	removed	unallowed
AW	1	HOW	597.6	1775.0	2599.9	153.2	74.0	97.5	7.185	7.178	7.208	0.03	42	0	0	0	0	0			597.6	1775.0	597.6	1775.0	586.5	1789.3	574.7	1803.6	574.7	1803.6	HH		['HH', 'AW1']	1	5	[1931.3258601005548, 3064.9155805852856],[600.6069242605276, 1842.8453745269198, 2744.9941466935516, 3842.8038266535395],[597.5923833419806, 1775.0491072820503, 2599.92693192765, 3546.9565502348523],[576.9597607206238, 1547.6508393667132, 1780.9443898060854, 2611.802532123759, 3539.211848676906]	[685.74960642025, 926.4475831355312],[812.732004334254, 337.3429581838254, 435.4239177954335, 665.6858319823374],[153.21001724357473, 74.02610562637463, 97.47184894429381, 144.92236652578273],[124.89227121493403, 1645.106123677101, 100.4418055212926, 84.89617173207854, 112.61679315565515]	removed	unallowed
UW	1	YOU	330.2	1929.5	2577.6	175.0	199.5	174.6	7.308	7.298	7.327	0.029	82	0	0	0	9	0			330.2	1929.5	330.2	1929.5	325.4	1919.6	319.7	1909.6	319.7	1909.6	Y		['Y', 'UW1']	1	5	[2343.0017559309645, 2997.7845330645414],[2128.540818688561, 2750.790191333051, 4200.77881956281],[330.2421321919264, 1929.470635534947, 2577.589643264767, 3388.5832466258885, 4463.156924606048],[328.72743285539434, 1929.6795282328646, 2191.963628510688, 2818.140735017697, 3730.3033056523213]	[474.8944261995194, 1386.3802711560547],[514.6676675376957, 659.5688435170542, 990.9376318595782],[175.0180257353795, 199.478696830572, 174.58000108074987, 483.51698862425155, 502.83815361217836],[176.89935394176624, 593.3062156002283, 1990.4473105645802, 265.2766303478779, 397.5716173743138]
UW	1	DOING	396.5	1599.5	2215.3	97.1	273.7	657.1	7.395	7.388	7.497	0.109	73	0	0	0	3	1			405.9	1530.7	418.0	1486.2	435.7	1417.3	466.6	1392.9	499.9	1403.9	D	IH0	['D', 'UW1', 'IH0', 'NG']	1	6	[1204.09024187237, 2687.3059332412936],[414.1227387845589, 2233.167958256905, 2689.927942195652],[397.58080360297424, 1612.119626640325, 2305.545648987147, 3127.1695508095017, 4394.374973053075],[396.46436901091295, 1599.490975176715, 2215.26475303898, 2766.3979241300544, 3492.7140625907005]	[734.4911127376264, 827.075961839042],[667.0324931281098, 302.7149566291834, 1469.8113269475593],[105.28893015049495, 275.129107892894, 91.7281841421077, 312.87232450542956, 683.2278762852344],[97.1235387299194, 273.7352036706641, 657.146661977082, 2009.7890167208764, 544.2067679871639]
IH	0	DOING	400.1	1518.1	2311.0	274.6	261.6	132.3	7.507	7.497	7.527	0.03	1	4	6	2	0	0			400.1	1518.1	400.1	1518.1	396.6	1536.7	389.9	1556.8	389.9	1556.8	UW1	NG	['D', 'UW1', 'IH0', 'NG']	2	6	[1451.8011138838892],[442.2641609655144, 2161.040260713006],[355.8705418819204, 1473.2278700351515, 2309.0561070915255, 3304.3013290901085, 4623.804110739954],[400.102745162315, 1518.142242867012, 2310.983866996142, 3234.9813128924247, 4300.639438072878]	[1495.850311339802],[1002.2444572168496, 594.5378188236895],[217.45898370643536, 445.9058563640333, 255.06980780531103, 280.15958466803244, 392.3955672498906],[274.64346245277295, 261.56211555275223, 132.2526316266651, 169.49555485510228, 510.56369572699936]
AE	1	THANK	560.4	1863.0	3491.1	134.7	64.5	332.0	12.553	12.543	12.573	0.03	3	4	6	2	3	3			560.4	1863.0	560.4	1863.0	558.9	1869.7	557.2	1879.8	557.2	1879.8	TH	NG	['TH', 'AE1', 'NG', 'K']	1	4	[1604.444140986692, 3491.345385330652],[560.4391486886421, 1863.0400255571467, 3491.0926603519674],[541.0360019005733, 1810.797810651808, 2416.073562718146, 3590.6428921187076],[541.6028964523434, 1798.017197269154, 2277.5411414144373, 3181.0507560797323]	[620.8423552464411, 1842.9264831447204],[134.73018241809504, 64.46359993353725, 331.95028702035705],[25.517501862735354, 56.32780483893887, 559.6727916088046, 178.21698349100356],[26.731509313086068, 572.4582842457728, 853.7920191988377, 492.86361202494487]	removed	unallowed
UW	1	YOU	468.3	2014.0	2908.4	132.4	359.4	725.0	12.846	12.823	12.892	0.069	82	0	0	0	9	0			457.7	1970.4	468.3	2020.5	434.1	1995.8	981.4	2603.4	1450.2	3165.5	Y		['Y', 'UW1']	1	4	[628.5593065313587, 2433.74114582771],[468.2518018889139, 2014.0011178785728, 2908.3781946260087, 4139.256265979526],[454.4203762422481, 1756.1168257969177, 2381.543529583051, 3623.809814415964, 4286.898297447159],[485.7285064299868, 1627.8069136320178, 2329.168317706246, 3300.9419562844337, 4224.152584512904]	[460.3821168308472, 710.2128832456712],[132.4074434732619, 359.41385565077985, 725.0437288929144, 827.5169646247891],[54.264970279807905, 446.6746174695982, 319.1274617063714, 1244.075423568133, 859.5303833636754],[69.7967035885338, 475.3378900073428, 113.58259999427756, 178.14803916380922, 326.46399954642203]
OW	1	OH	545.5	1342.1	2446.7	48.9	82.2	368.1	15.614	15.533	15.833	0.3	63	0	0	0	0	0			533.3	1386.7	570.0	1290.7	574.8	1215.8	597.1	1162.5	574.8	1084.3			['OW1']	0	5	[1046.9868526158448, 3052.171871881788],[613.202110004197, 1495.1839220404654, 3300.2525951158113],[545.5198414371123, 1342.1177205019421, 2446.7057010425406, 3393.6135331627597],[546.9343274930123, 1337.034310966854, 2372.7923798407774, 3237.6038180300698, 3940.0772579429863]	[711.8708965805386, 715.9795773084657],[343.698999224187, 424.4907255941143, 248.8223121572195],[48.877914025510506, 82.22052124599098, 368.1129474213838, 105.80749592759913],[45.29366504331116, 66.80577699633677, 335.3241205581934, 729.5427703191252, 1002.6516398720225]	removed	unallowed
AE	1	MAN	508.3	1772.8	2414.9	167.4	132.0	652.3	16.033	15.983	16.134	0.151	33	4	4	2	2	0			496.6	1742.3	511.7	1773.5	550.0	1775.2	595.8	1695.5	638.7	1607.7	M	N	['M', 'AE1', 'N']	1	5	[1760.5789851699892, 3093.8748296954586],[541.5426495587584, 1861.1151064538496, 3142.402352065657],[508.29885327525085, 1772.848405760103, 2414.871421925072, 3217.1397389360577],[524.0765007782727, 1043.112989055906, 1798.7279721783345, 2612.466107684022, 3258.2579335061105, 4748.594030990674]	[272.17999172947555, 386.7988581885061],[640.973438254495, 165.25987482727166, 198.6360418609548],[167.38990269173337, 132.04787339806168, 652.3463154980149, 144.09713431634685],[244.1714840108447, 3263.459696470585, 104.3421959905226, 479.435109367925, 121.4531561979199, 214.1296122914928]	removed	unallowed
AE	1	THAT	571.7	1428.7	2057.2	81.0	57.3	3215.8	16.367	16.344	16.414	0.07	3	1	4	1	3	0			566.4	1457.2	571.8	1425.2	562.7	1371.1	536.7	1311.7	502.9	1261.6	DH	T	['DH', 'AE1', 'T']	1	6	[1363.7268981836264, 2798.7066334947963],[681.2973471311619, 1502.178377374541, 2948.6515694907935],[574.1225003587657, 1429.0445491523246, 2332.687946137683, 3275.937268963927],[571.6568934325697, 1428.7271893607738, 2057.2377960321533, 2357.3653763934067, 3304.8481706631846, 4707.6899984536985]	[373.05317253302184, 949.4250653221778],[1065.979700194855, 395.25531467582204, 612.7868432012074],[80.15335019671835, 49.567814418787705, 199.68366727713482, 209.23963777448924],[80.95546857185228, 57.32560707131629, 3215.802021972415, 225.52913203379958, 186.1185419926895, 283.3549048903377]	removed	unallowed
AH	0	WAS	446.1	1351.3	2401.1	101.5	81.3	219.0	16.484	16.474	16.504	0.03	6	3	4	2	9	0			446.1	1351.3	446.1	1351.3	443.7	1359.7	442.0	1365.7	442.0	1365.7	W	Z	['W', 'AH0', 'Z']	1	5	[1170.4476852682615, 2873.331639918672],[640.1454337242063, 1904.9787115467418],[446.08787302206576, 1351.3498642461357, 2401.118022835237, 3422.9222653031015, 4593.9102494898325],[443.77776754462815, 1344.3527657281875, 2314.6990733243197, 3226.614293587911, 4231.416345370564]	[712.5351423222035, 1205.5182068984948],[1096.2332610688036, 813.4954273656798],[101.49436021429216, 81.29497335715118, 219.02769439395848, 259.55846715909786, 426.2652041278324],[72.30148690295324, 64.08095285022154, 680.1890896589493, 550.6563096946761, 767.0500357172826]	removed	unallowed
AE	1	YEAH	549.5	1641.2	2372.7	127.9	135.2	352.9	16.7	16.634	16.833	0.199	3	0	0	0	9	0			467.5	1743.8	557.0	1632.7	571.0	1550.1	572.7	1492.5	566.6	1476.7	Y		['Y', 'AE1']	1	6	[1685.8481425937055, 2924.5943386789622],[624.9641542085884, 1813.2865391787252, 2976.5382722101954],[557.4172187614429, 1659.6323938337957, 2424.365543401498, 3190.3053880678945, 4642.729745070679],[549.4516128402546, 1641.186001940598, 2372.65422876818, 3097.6644208117486, 3568.1498002994053]	[516.2171951922871, 643.3871157310507],[835.571589288067, 342.9021616903351, 387.87209142921915],[164.85843013078727, 139.76693378546994, 345.6056678724561, 219.98476344732822, 292.6959540252469],[127.90103829767075, 135.17724655075014, 352.93483444937965, 1843.793102039074, 2586.1740587207682]	removed	unallowed
AH	1	UH	664.2	1639.4	2749.1	554.7	624.7	685.3	16.964	16.914	17.063	0.149	6	0	0	0	0	0			583.1	2213.1	1006.6	2021.1	970.7	1810.8	767.3	1564.5	648.5	1506.2			['AH1']	0	5	[1410.949315976819],[972.0289788178223, 2082.3192920758947, 3648.9181665127567],[664.1815101825168, 1639.4369913211196, 2749.0972827121204],[391.53816755921457, 1360.220051088069, 2265.681650673194, 3198.831683033581, 3979.108298007637]	[963.1122500353281],[1112.0838265700374, 995.3982018791153, 867.4950680544399],[554.7310137398576, 624.7417793397764, 685.2961518985909],[255.85024291725065, 306.25840478035315, 503.4551507312896, 798.6987741425822, 569.3462224786288]	removed	unallowed
AH	1	UM	602.6	1330.0	2397.4	111.2	45.9	274.4	17.187	17.063	17.434	0.371	6	4	1	2	0	0			590.3	1327.3	605.3	1324.7	615.8	1319.6	612.0	1313.2	620.0	1309.1		M	['AH1', 'M']	0	6	[1276.67259830002, 3056.3383408046648],[1000.13512342887, 1570.8901916363468, 3198.4894894588488],[607.5550546096825, 1333.633440219023, 2429.1892121238066, 3384.2445522851854],[602.5988353313018, 1329.9889952668925, 2397.3953204818795, 3221.100432851624]	[231.43391925538813, 728.9887166244786],[944.3459884190348, 992.858535828907, 516.1538712923225],[136.7136616511858, 52.71265641163017, 269.49445589465336, 196.58293210109824],[111.24392268979706, 45.92843770334719, 274.3713358951876, 1310.0044701290344]	removed	unallowed
AH	0	A	548.8	1411.3	2199.3	299.2	340.8	1246.0	18.199	18.183	18.232	0.049	6	0	0	0	0	0			629.8	1489.8	579.1	1472.4	515.2	1445.1	474.6	1488.6	448.3	1538.4			['AH0']	0	6	[1073.649415718748],[694.3144039370859, 1537.948411952849, 3254.4641460610565],[586.5396884006072, 1476.171229632534, 2770.896431467423, 3942.6842798575167],[548.7750211595871, 1411.2777412454516, 2199.2729921904765, 2979.122761542655, 4183.9648314805245]	[866.4591794402648],[790.3321269767512, 730.7669662344045, 922.8900913645095],[407.7320603694197, 351.5380846615626, 751.1575236696345, 1367.2165815943536],[299.16437801075307, 340.7640717637543, 1246.0203843660045, 971.5920998230188, 915.7426268776258]	removed	unallowed
ER	1	SPUR	531.7	1281.0	1934.8	88.7	125.0	47.3	18.402	18.362	18.482	0.12	94	0	0	0	1	0			508.6	1257.7	532.4	1286.5	529.0	1349.2	525.3	1401.5	513.6	1451.1	P		['S', 'P', 'ER1']	2	5	[810.7676351110068, 1876.5828177300687],[853.6387313464646, 1858.8609907516861, 3096.9452443180057],[531.6998827638424, 1280.9922158373513, 1934.7570119562245, 3066.251319399081, 4417.746785907998],[543.7967843347988, 1299.6649898649487, 1940.2142662877852, 3064.7170539066537, 4401.608269232081]	[600.3431063935177, 351.7816748725973],[449.6050026876325, 241.18171839033138, 1247.770576026702],[88.73241645435144, 125.02063631629127, 47.31322559448869, 168.461018278039, 312.9923343034038],[114.71742870670167, 130.10696648687875, 42.66947437456662, 136.50870011303385, 325.09279988077134]	removed	unallowed
AH	1	OF	467.5	1529.0	2463.2	78.4	81.6	134.0	18.495	18.482	18.522	0.04	6	3	2	2	0	0			469.6	1529.3	465.4	1528.6	451.0	1524.9	434.2	1520.0	428.4	1518.8		V	['AH1', 'V']	0	5	[1527.2389549038924, 2753.1329418116534],[719.226777535329, 2011.6333884579121, 3046.331738747103],[467.53214738530284, 1529.014898689255, 2463.230153834502, 3325.9855736198415, 4503.456496202548],[458.30837630824664, 1522.8528234220553, 1778.1120479193612, 2526.159637648065, 3398.723141855448, 4521.117544991183]	[1172.7642061103973, 877.0816588812482],[890.6667791705668, 708.9869366320864, 1138.6245476828544],[78.35402646056984, 81.5964720735625, 133.99302748112487, 263.00093858220373, 431.44942212691313],[69.66723209385952, 157.90552456922072, 1218.5733337000588, 117.91202269671047, 113.41053049346337, 115.9755988114516]	removed	unallowed
AH	0	THE	355.9	1298.4	2182.4	241.8	152.4	844.8	18.592	18.582	18.612	0.03	6	0	0	0	3	0			355.9	1298.4	355.9	1298.4	350.8	1285.8	343.3	1270.1	343.3	1270.1	DH		['DH', 'AH0']	1	6	[1484.826872988129, 3275.039298445432],[1211.572642316597, 2375.947516232735, 3402.7430366302065],[355.0003183934952, 1353.005084616394, 2468.195963161349, 3408.06308701],[355.90951133929383, 1298.3791462755987, 2182.4125246380627, 2571.1983628782514, 3425.4789287141266, 4736.574056742813]	[931.1907196435516, 482.512440149888],[304.24446932577274, 426.64178615506404, 155.10573250216382],[527.9500975515541, 211.00761120888197, 220.7760698001405, 90.34201273440222],[241.77511473345038, 152.36532835829698, 844.8018234428157, 347.86133719622904, 56.57773750733004, 416.138077594536]
OW	1	MOMENT	533.0	1136.1	2312.3	225.5	132.0	554.1	18.739	18.732	18.812	0.08	62	4	1	2	2	1			532.3	1137.3	526.0	1133.3	518.9	1112.0	513.0	1070.6	496.0	1024.9	M	M	['M', 'OW1', 'M', 'AH0', 'N', 'T']	1	6	[989.3934849031991, 3005.4818719556456],[1015.1967128997177, 2642.9584848017585, 3163.5814490223374],[610.8645966929504, 1152.632411700318, 2604.8423187179415, 3185.3822850344727, 4717.527716854043],[533.0163165738962, 1136.0855548141915, 2312.3303676432256, 2862.4742326662445, 3253.965936577504, 4667.197502862397]	[487.5587182060096, 237.8737858533812],[291.5326046364314, 721.3800310750959, 316.0349779552702],[611.928670144921, 299.5104165714891, 318.1048822909875, 149.02093677925507, 665.1360858896544],[225.52789952566468, 132.01362331382904, 554.064860823336, 450.71477072957197, 211.38520732208687, 272.60549404012477]	removed	unallowed
AH	0	MOMENT	462.0	1859.3	2568.6	191.3	145.4	254.0	18.919	18.902	18.953	0.051	6	4	4	2	2	3			458.0	1855.8	462.9	1860.0	470.2	1868.3	475.0	1865.8	472.5	1855.0	M	N	['M', 'OW1', 'M', 'AH0', 'N', 'T']	3	5	[1983.484116506757, 2990.8951259510022],[1597.530856096998, 2358.4260067422647],[461.98652023716915, 1859.3032912130666, 2568.590874834848, 3401.243954608549],[448.1589105764356, 1488.9490115346637, 1906.1184413160715, 2632.764674828044, 3431.627786250126, 4699.448717388642]	[484.3460360870047, 647.2172508386882],[1859.5239211903704, 666.9775442898737],[191.27165852075544, 145.37634850024125, 253.9553255268394, 333.234682836447],[204.40649508353016, 1585.5254570496306, 150.7988210774631, 156.34750020823031, 137.5335460160906, 289.80290889072603]
AH	1	UH	624.0	1406.5	2381.0	87.7	91.0	1635.8	19.222	19.142	19.382	0.24	6	0	0	0	0	0			589.0	1530.2	626.3	1394.9	618.6	1371.8	622.1	1354.6	613.3	1378.2			['AH1']	0	6	[1095.9277820853954, 2727.612451343508],[1176.4605660591158, 2663.694268151562],[634.8160430699588, 1421.067595632304, 2590.0731109001067, 3390.5102807545322, 4698.4418963708695],[623.9838049513046, 1406.5496682186065, 2381.0120882106025, 2705.8294376427116, 3429.3783032403935, 4698.008309800522]	[646.2413910298956, 442.3519467291143],[483.1178551170446, 411.341257127715],[113.37727908439918, 93.06746753112722, 77.34473434296416, 300.22877779249393, 424.80517113067384],[87.6593457559845, 91.02041784298059, 1635.8202799566582, 1060.8328958544507, 296.87736189252615, 330.12388118301345]	removed	unallowed
UW	1	YOU	372.2	1923.5	2613.0	192.3	138.9	345.2	20.235	20.225	20.256	0.031	82	0	0	0	9	0			372.2	1923.5	372.2	1923.5	375.3	1911.9	383.8	1897.0	383.8	1897.0	Y		['Y', 'UW1']	1	5	[2093.923136177888, 3463.2651395168446],[1776.4013610433076, 2985.005660702817],[372.1578624544098, 1923.5259569087366, 2612.9784855872813, 3573.0588469650916, 4539.944560094977],[363.8895564513226, 1499.0899777417098, 1960.4485031479196, 2700.892042516548, 3614.5001421220136, 4540.360538006253]	[383.78777522337356, 952.8366434575514],[770.8597111979008, 1236.8785429159586],[192.3424231961561, 138.94471719370802, 345.17320060611723, 384.36053184292933, 629.3358849492281],[229.86116339081389, 1977.2757711003503, 128.38651495858184, 213.8811327325531, 149.26172539094935, 207.45626082617494]
OW	1	KNOW	565.1	1485.0	2279.9	92.1	119.0	1113.7	20.312	20.285	20.405	0.12	63	0	0	0	4	0			558.8	1498.6	584.2	1414.2	580.8	1311.8	544.1	1293.8	479.7	1386.6	N		['N', 'OW1']	1	6	[1853.1066144252486, 3330.63601555588],[1392.1629371943313, 2269.386947903425, 3440.222337992035],[583.6833963207343, 1510.2268038986006, 2433.1515618289845, 3423.4840651828645],[565.0556155749181, 1484.9851168985545, 2279.881579307367, 2491.975852267359, 3443.9510798938277]	[873.3329973334777, 1110.9358946992697],[688.0902660756561, 606.1239290743911, 469.976362177995],[141.2373168144066, 107.9992106474255, 168.7172087626317, 101.9045114366719],[92.08519894038479, 119.0446866039317, 1113.7164812315484, 776.6156213863858, 84.41002977868546]	removed	unallowed
IH	1	DIDN'T	350.9	1697.1	2627.3	125.7	84.3	113.3	20.458	20.445	20.485	0.04	1	1	4	2	3	1			350.7	1692.7	351.2	1701.4	354.5	1727.1	359.9	1751.4	362.1	1758.3	D	D	['D', 'IH1', 'D', 'AH0', 'N']	1	5	[1952.0049902678209, 2986.3215436733694],[1688.1239297523518, 2745.6500762395563, 3598.4616099117866],[350.8829660172765, 1697.057306385737, 2627.3448619353712, 3455.744081512844, 4593.439203701809],[346.4813802182577, 1682.1398897230674, 2070.8114054786142, 2665.079092784223, 3480.1544496415195, 4568.274362913145]	[877.0213040971196, 728.2696838729331],[701.2595491577141, 788.1922327356957, 1274.9630283626745],[125.71986536736327, 84.27681938965522, 113.34147756847669, 257.66431061140344, 670.1644986925274],[108.62178226163256, 416.8594328066076, 1723.37478386266, 488.19485641433, 183.95070186811571, 345.89937434535005]
AH	0	DIDN'T	335.1	1708.9	2560.4	117.2	202.2	207.6	20.515	20.505	20.535	0.03	6	4	4	2	3	0			1229.2	2555.5	1229.2	2555.5	1038.6	2437.3	850.1	2333.9	850.1	2333.9	D	N	['D', 'IH1', 'D', 'AH0', 'N']	3	5	[1746.033693287755],[1229.176063157056, 2555.464874576004],[335.05292609284015, 1708.9073297779123, 2560.3792637518645, 3422.809614606898, 4686.659726851633],[330.729906718964, 1698.5271501140494, 1987.3790169919712, 2597.2284333008784, 3485.959677001804, 4660.716114960194]	[993.9387710940348],[565.9016799176795, 887.1549161119297],[117.22392893493047, 202.1919585640768, 207.586467077253, 397.18444265638834, 523.846637019132],[103.44135271724159, 559.2466494073441, 1891.8096414385739, 229.90136225603453, 298.4797906082686, 294.6012989983483]
AE	1	HAVE	674.3	1596.9	2215.2	182.4	173.8	813.3	20.618	20.605	20.645	0.04	3	3	2	2	0	0			674.5	1602.5	674.0	1591.0	668.8	1545.4	657.0	1479.0	652.6	1452.3	HH	V	['HH', 'AE1', 'V']	1	6	[1345.427051730618, 2812.17570487783],[827.4808932740048, 1732.7917410490127, 3230.5381878929065],[696.1491858055841, 1628.0975043485041, 2536.9239275929367, 3315.427053141318],[674.3147030928345, 1596.9172130082068, 2215.1574771038995, 3123.3543238427783, 3498.8426790139997]	[1076.5934090933524, 413.19017390663925],[725.5464239721618, 330.6070276591018, 270.39454216615474],[234.2949941907839, 156.13106408510686, 664.8175293981981, 188.67341202355382],[182.36054698528176, 173.75507964703175, 813.297218348533, 603.4836318478344, 612.1942965073123]	removed	unallowed
AY	1	MY	722.3	1538.7	2400.4	420.0	182.7	531.7	20.758	20.746	20.785	0.039	41	0	0	0	2	0		s	714.2	1462.4	719.8	1559.8	685.0	1609.3	655.1	1647.0	647.0	1659.6	M		['M', 'AY1']	1	6	[1508.5540887812717, 3290.01554631294],[1114.2545952820064, 1951.3663711366562, 3250.081993640688],[582.1340488237354, 1427.1992401116672, 2340.8538810415716, 3498.755045133316],[722.3492269615932, 1538.68746107621, 2400.4040612380363, 3356.035409403958]	[420.0884884939052, 849.1443435275621],[338.07266092986606, 423.9200443811906, 249.52688439679434],[526.0047005051737, 200.7834686978612, 253.45884228642907, 280.590412578316],[419.9856624484427, 182.72535529234744, 531.6615861351884, 163.3145344529569]	removed	unallowed
EH	1	HEAD	502.7	1719.0	2474.1	60.9	86.8	237.4	20.869	20.845	20.916	0.071	2	1	4	2	0	0			500.0	1703.1	502.6	1719.7	494.5	1717.2	476.9	1699.5	435.8	1680.2	HH	D	['HH', 'EH1', 'D']	1	5	[1819.1315406056312, 3529.964701735606],[552.5662973111066, 1926.7479774597787, 3412.5164430415343],[502.70332035024535, 1718.9900180384627, 2474.1493297579104, 3556.7004819087138],[499.3981406494895, 1712.6500027204468, 2305.011833149207, 2609.0479303203006]	[649.9901276422917, 1323.243325290193],[704.1438199669607, 284.61683048051316, 453.61136681008577],[60.920584516191056, 86.79786645788921, 237.36417798254138, 147.86721916844158],[51.484881169187545, 103.15134160114536, 2155.657699837438, 1341.9769987250475]	removed	unallowed
UW	1	SCREWED	303.0	2034.9	2388.4	190.7	245.5	423.2	21.082	21.055	21.136	0.081	82	1	4	2	8	0			302.3	2110.6	303.1	2026.7	305.8	1938.3	315.3	1894.3	319.2	1851.8	R	D	['S', 'K', 'R', 'UW1', 'D']	3	5	[2191.4442491287173, 3338.6642923592217],[1005.0087381197685, 2455.366284686593, 3026.323409318832],[302.9775243940579, 2034.8773705285805, 2388.356750005302, 3399.841839985935, 4001.689079834566],[302.42701638348194, 1898.462046657175, 2240.7484057108345, 3008.280738375283, 3506.531904544816]	[147.96831426803527, 255.31068832681433],[380.7036549011733, 722.9334053825578, 675.6267610432193],[190.74410656596126, 245.50646952263932, 423.237748478631, 282.41243183680876, 1663.012382454778],[113.2889328154274, 433.33379102415876, 181.17996814887104, 559.2462329505018, 175.92259537467956]
AA	1	ON	633.0	1218.0	2306.3	126.9	75.2	184.4	21.206	21.156	21.305	0.149	53	4	4	2	0	0			560.4	1313.5	641.0	1214.7	774.3	1136.3	834.5	1070.6	813.1	1093.5		N	['AA1', 'N']	0	5	[1110.069067649383, 2901.1061937268414],[1051.7157926536759, 1956.0629136287566, 3209.1689676556016],[633.0243592898845, 1218.0008780441851, 2306.318713906844, 3237.754667117354, 4602.584469712914],[622.7047459853885, 1209.948288566357, 2272.235769113801, 2876.6726467685053, 3852.1190177774815]	[297.17284668674023, 750.4669241882193],[272.1260425225084, 1093.310930149132, 206.65246855706582],[126.94623998275381, 75.21833577734061, 184.36984019420726, 51.94943064598527, 445.5474255522357],[92.9422880234995, 58.421834931439136, 622.560750567758, 814.3881855798023, 1015.3370284594466]	removed	unallowed
AO	1	ALL	623.6	1026.9	2052.7	127.2	142.2	290.9	21.365	21.355	21.386	0.031	53	5	4	2	0	0			623.6	1026.9	623.6	1026.9	623.3	1033.8	621.5	1037.6	621.5	1037.6		L	['AO1', 'L']	0	6	[885.8672801700636, 3047.746314097219],[828.3633027682023, 2108.1861261158847, 3187.1747583617685],[748.392748629173, 1246.969652702047, 2421.403753731834, 3210.5660044755555],[623.6165505332308, 1026.9371956461596, 2052.650116823195, 2939.9475968045176, 3302.40499791721]	[262.21238007943185, 318.5933735245517],[188.84189353284677, 998.9187107853788, 186.20141532187625],[212.20576819881913, 810.8227731145936, 655.858543063713, 151.65868632980894],[127.24132608801865, 142.22317972023322, 290.9039194310776, 386.1609757444031, 206.11693241693982]	removed	unallowed
AH	0	THE	453.2	965.9	2623.5	87.3	64.4	182.7	21.488	21.475	21.515	0.04	6	0	0	0	3	0			454.9	967.8	451.5	963.9	440.2	950.7	427.3	935.8	423.0	931.2	DH		['DH', 'AH0']	1	6	[689.1152422298994, 3126.792684150126, 3463.047479074524],[811.6783472345409, 2752.6575510603357, 3243.916088651136],[487.03091207030576, 963.2731520249441, 2726.54684369055, 3246.7514556496462, 4557.611171489313],[453.2101480643085, 965.8888599072693, 2623.487360020487, 3193.7979840495427, 3464.214174961407]	[277.11579507186, 201.1379203591132, 3156.2068264370055],[173.11863546357722, 463.93533260633643, 145.23337663620742],[333.5305405500733, 247.9182364789205, 167.669570999843, 61.801705498399905, 712.6761813911545],[87.32038146168067, 64.4059788362244, 182.6651891745322, 282.3303965296563, 974.4237954437773]	removed	unallowed
EY	1	WAY	518.2	1617.9	2405.0	42.0	75.4	1478.3	21.607	21.595	21.695	0.1	22	0	0	0	9	0			510.3	1657.5	500.2	1716.0	489.2	1748.7	461.3	1733.9	419.7	1687.7	W		['W', 'EY1']	1	6	[1899.7448454016205, 3205.5398766998096],[1562.6826896369794, 2150.0568275683904, 3379.2666278093952],[523.7647439981425, 1630.9454260086852, 2496.76322741881, 3473.765603423437, 4576.465403679331],[518.1722328276264, 1617.9181401286312, 2404.97388210361, 2531.019194059082, 3485.1690512614405, 4582.385583057739]	[571.6258669417304, 779.2806008079513],[1188.121680967171, 679.0592587552867, 454.0936861175254],[61.65937991725029, 67.29707028648956, 109.50203909670653, 75.572001472468, 529.679445038337],[41.99597628429645, 75.36167761398632, 1478.3492600452043, 900.5971635330517, 73.71343003229015, 377.13934581637824]	removed	unallowed
EH	1	THERE	509.7	1732.2	2240.6	39.6	64.8	2410.3	21.785	21.735	21.886	0.151	24	6	4	2	3	0			511.2	1738.2	509.6	1727.5	516.7	1699.8	522.4	1702.9	538.3	1680.7	DH	R	['DH', 'EH1', 'R']	1	6	[1761.1783231488496, 3072.2159893394314],[547.4998198350562, 1927.529576264066, 3108.7448121365214],[510.4784781440428, 1730.9702978996763, 2567.580016059284, 3300.726725295319, 4549.505596873944],[509.69945546152513, 1732.2063644388586, 2240.640476936841, 2757.4527886743426, 3609.977985549569]	[719.5027289310291, 597.8572123383418],[640.3741034367133, 366.32821681892017, 326.1618909507572],[38.876612410685, 55.1999898465331, 140.3352089996003, 101.78749840387918, 250.23006055747658],[39.58571338200045, 64.82846998715588, 2410.30160810131, 146.15223946740568, 125.52544272012014]	removed	unallowed
AH	1	UM	602.5	1404.0	2888.3	70.9	150.8	278.4	22.908	22.808	23.107	0.299	6	4	1	2	0	0			559.3	1384.3	600.1	1392.4	597.9	1315.4	595.9	1248.9	592.3	1227.1		M	['AH1', 'M']	0	5	[740.5850597817875, 1848.4457963613595],[609.4436371821132, 1448.52472483529, 3073.6324669413066, 3916.1447217787463],[602.5442068435308, 1403.971443535539, 2888.275700819091, 3353.9734764450886],[586.7536378425591, 1323.2930706438005, 1968.3786650875868, 2985.364896637667, 3476.002893807857]	[423.7312568764775, 1831.712829996622],[118.59623839127289, 310.2322323531796, 178.0848905020241, 1221.770474831492],[70.94681320993031, 150.84595214897055, 278.4322624559686, 229.0836323271647],[46.41090261581096, 180.56910759379454, 756.0494135615938, 108.93016627639263, 145.23841482890322]	removed	unallowed
AY	1	MY	706.0	1282.3	2893.2	138.8	268.7	122.9	23.999	23.94	24.059	0.119	41	0	0	0	2	0			678.8	1533.2	684.1	1262.5	706.0	1282.3	731.8	1420.7	738.8	1892.0	M		['M', 'AY1']	1	4	[921.018816936914, 2861.87289881832],[705.9918643871963, 1282.288654864161, 2893.2481794502946],[669.4208675732947, 1213.117879556587, 2602.06952484707, 3022.6970358009457],[664.5860539428986, 1193.5831320939353, 1630.8871693331648, 2724.4517711317144, 3301.6704048326133]	[223.7396213167716, 457.0094915983224],[138.83838948071454, 268.71965658095013, 122.89078109257824],[36.69281955039194, 69.21778363861185, 530.1580582018896, 252.34418597078417],[35.35270039316427, 239.73164552533268, 1295.829232258925, 244.82539638169916, 205.17920791056451]	removed	unallowed
AE	1	BAD	603.7	1675.3	3023.6	136.6	160.5	233.3	24.153	24.079	24.3	0.221	33	1	4	2	1	0			657.7	1747.5	604.1	1674.1	612.0	1643.5	606.1	1631.6	566.3	1654.7	B	D	['B', 'AE1', 'D']	1	4	[1219.4851237456978, 2692.9491526585243],[603.657393401922, 1675.332372368297, 3023.5708713503154],[578.8625214946333, 1574.8173630364208, 2365.8548861000136, 3155.1778632937585],[580.2423464243225, 1572.214111160936, 2300.9804680340853, 2975.696765287861]	[782.4601277147235, 993.2093170098434],[136.58493642580345, 160.5122721999023, 233.26000723232454],[30.568146256852923, 92.42344021831762, 518.166546062339, 194.8595741201363],[30.54706515504355, 78.47045753818458, 942.4907427383628, 630.7233088149022]	removed	unallowed
AH	1	UH	721.1	1387.6	3057.5	109.4	158.9	659.0	37.879	37.789	38.059	0.27	6	0	0	0	0	0			637.2	1356.9	724.6	1396.1	696.2	1363.6	611.4	1421.3	468.0	1730.8			['AH1']	0	4	[849.5242326209211, 1663.063110931972],[721.0746985724863, 1387.5522708002966, 3057.470007478631],[694.0613181596848, 1323.4653379015676, 1867.2493669027417, 3198.611506352563, 4650.998901505573],[593.49092877904, 1053.9145181540018, 1600.515510138189, 2519.0413347405597, 3604.8888652737123]	[561.0878241111052, 723.1176053086756],[109.4363135668127, 158.87565222788285, 659.0459449366049],[75.53394676053158, 182.80051483587755, 957.7181704446493, 348.47350463532996, 604.3624213475803],[1109.9638376024536, 533.3389544731818, 745.0423673134173, 788.9698738691653, 191.69849872328317]	removed	unallowed
AY	1	I	732.8	1364.3	2295.2	77.4	121.9	772.9	38.434	38.37	38.589	0.219	41	0	0	0	0	0			683.0	1465.2	705.1	1337.2	681.5	1382.2	545.5	1721.6	379.6	1748.3			['AY1']	0	6	[878.337746431168, 1675.2907092585979],[730.5841363236218, 1401.3256366477058, 3017.921222123341, 4687.654999861399],[723.8684433216715, 1377.6333635420683, 2797.4094358222396, 4208.286445124285],[732.8402691268369, 1364.2681964352068, 2295.232799908264, 3096.2208006510905, 4274.674373826527]	[364.2231189297497, 1349.9148935347214],[134.31641027859067, 266.76464456432996, 781.228032626327, 562.8365793663293],[100.85488931817665, 190.76551485804936, 577.7771539266449, 786.1531674243473],[77.36203391794737, 121.91472847957431, 772.8713451105085, 510.98941254278594, 328.3652689541049]	removed	unallowed
AH	0	JUST	369.0	1701.5	2854.9	117.6	286.3	822.1	38.97	38.96	38.99	0.03	6	3	4	1	5	3			372.4	1871.0	372.4	1871.0	349.9	1886.1	538.7	2044.0	538.7	2044.0	JH	S	['JH', 'AH0', 'S', 'T']	1	5	[1885.817558468311],[372.4288813388563, 1871.0091766125715, 3235.8329996917264],[368.9942251442108, 1701.5356532190517, 2854.9496994712626, 3489.799878108552],[396.1476046535175, 1630.82577151305, 2475.539659599776, 3375.425949626005, 4260.149777140728]	[1804.987712445549],[318.65724091643057, 458.3315759624293, 420.3704590331712],[117.56782780539632, 286.2946707627332, 822.1370439825665, 1031.3931257121085],[163.84542661721346, 812.4016949218998, 466.9350133257808, 387.64637170746437, 649.8146927154704]
AH	1	UH	665.5	1399.2	2586.9	75.4	105.8	250.9	39.353	39.2	39.66	0.46	6	0	0	0	0	0			606.6	1318.7	666.1	1400.9	630.4	1295.7	630.4	1229.2	526.1	1529.9			['AH1']	0	5	[793.0215316466879, 1874.0944548299476],[651.337465830222, 1388.4295497285427, 2692.0486158557233],[665.471211662117, 1399.2149237496542, 2586.945761398488, 3690.797975696011],[620.1824669382305, 1090.6322867629542, 2053.678615651302, 3046.024847231335]	[354.19720616287117, 932.2048721741967],[78.49728235342711, 162.90809659310037, 374.1986422822029],[75.41497106693936, 105.80573910544528, 250.90086079600914, 736.9843952221985],[496.29833884249774, 320.9821656137106, 199.4971289004565, 415.02941041445206]	removed	unallowed
AE	1	YEAH	552.0	1728.1	3127.6	178.2	139.7	164.9	40.35	40.26	40.53	0.27	3	0	0	0	9	0			484.2	1835.0	564.8	1718.1	627.6	1600.8	662.2	1517.1	640.6	1511.8	Y		['Y', 'AE1']	1	4	[1544.8117153362725, 3296.0194947760956],[551.9645537406498, 1728.1003970186857, 3127.636413862679, 4077.8645776357234],[560.1433103147891, 1720.9194303766556, 3063.989720340045, 3781.388293909672],[558.5329497189456, 1552.368044100318, 2178.003045710467, 3085.447856774826, 3821.642560576267]	[782.9821448899087, 513.116863931517],[178.24916127499463, 139.72680842625132, 164.85317619196354, 531.0847978658669],[153.5631151084393, 88.9529252433892, 153.48564547017625, 438.4340239793202],[139.62663453732665, 633.483143678143, 1360.0218365651663, 131.46460428049485, 314.83229765537305]	removed	unallowed
AH	1	UH	653.5	1223.1	3085.8	152.0	364.4	264.5	42.086	41.916	42.427	0.511	6	0	0	0	0	0			593.6	1333.5	679.7	1245.6	707.6	1344.3	678.1	1425.4	676.5	1368.2			['AH1']	0	4	[854.8283028691429, 3075.42077891897],[653.5447275484313, 1223.1344469397688, 3085.847704899605],[652.1638551422822, 1192.786272709465, 2465.6827999040665, 3659.405204028109],[674.6659781906321, 1172.0027806226476, 2207.8723562428245, 3110.6479222801745, 4179.607508361183]	[214.79765758957387, 733.2812431382977],[151.9627311656586, 364.4265507962892, 264.48563540021814],[159.26001465496017, 466.84355814601264, 1342.912924265149, 431.5734734835746],[218.63310002913605, 451.66152157403235, 1094.6348222882248, 421.5729888166945, 429.40360786005317]	removed	unallowed
AH	0	IT	492.6	1693.1	2767.6	236.7	629.9	649.7	44.418	44.408	44.437	0.029	6	1	4	1	0	0			492.6	1693.1	492.6	1693.1	487.2	1686.1	473.9	1672.7	473.9	1672.7		T	['AH0', 'T']	0	5	[632.7372446044747, 2812.666597277986],[530.4133627552216, 2152.8078553666055, 2977.488694387916, 4332.213347698075],[492.550858167183, 1693.0633331816723, 2767.627770551063, 3662.4357274186646],[495.63916247375323, 1560.2407122202667, 2528.553081676782, 3231.952223243099, 4123.338657382349]	[834.6782389583424, 642.8037022576108],[519.7944418792559, 1662.1199995271268, 457.6245970132788, 240.2047094025888],[236.68417815094065, 629.8556013432836, 649.7060792271884, 819.5717453556485],[235.16006377240538, 909.655346337042, 908.9897970302067, 755.3913531085386, 789.2408743930487]	removed	unallowed
OW	1	WON'T	412.9	1120.9	2117.2	79.8	276.7	652.3	44.531	44.507	44.608	0.101	62	4	4	2	9	3			405.2	1140.6	464.0	1080.0	498.1	986.5	496.9	869.0	547.3	949.7	W	N	['W', 'OW1', 'N', 'T']	1	6	[601.3175371636114, 3438.6574479786236],[460.23028726278744, 1379.962996604428, 3409.7884656284878],[433.774708422641, 1227.3527376130937, 2827.1171403536932, 3465.5972372852107],[412.8741671867013, 1120.9311406027412, 2117.1670723665443, 3287.868056203276, 3519.120644850675]	[582.8481369545107, 279.64862311629327],[241.32028284557455, 774.534033644607, 99.71070026154243],[120.66740328642864, 327.0014284400228, 705.3112334150421, 453.48860194106237],[79.75655780036851, 276.7243360031154, 652.328484719036, 947.2285398514729, 958.8493169196836]
AE	1	HAPPEN	670.8	1546.6	2481.8	66.3	142.5	394.4	44.727	44.697	44.787	0.09	3	1	1	1	0	1			679.2	1589.1	669.2	1542.3	644.1	1457.6	604.6	1384.1	568.6	1386.9	HH	P	['HH', 'AE1', 'P', 'AH0', 'N']	1	5	[1197.4683527639004, 3137.2258219068694],[748.0275663283089, 1751.1121587315827, 3243.677197507451],[670.7583295909498, 1546.6013491984236, 2481.8313002342143, 3385.988165068342],[658.5686391600259, 1491.68275021465, 2073.663838824758, 2709.007413493921, 3436.2527855467315, 4693.923478373901]	[774.8431464380451, 1244.3427666347466],[318.79181165516127, 399.56840696352003, 363.28641770070334],[66.29375720568736, 142.4841826948864, 394.3707840790841, 202.82065013030734],[44.1946136236587, 175.6189058856779, 984.6902081147491, 587.5748452534975, 192.41598333326345, 437.69416046393104]	removed	unallowed
AH	0	HAPPEN	382.7	1451.4	2303.3	133.2	122.9	668.0	44.827	44.817	44.848	0.031	6	4	4	2	1	0			382.7	1451.4	382.7	1451.4	360.1	1453.2	332.0	1444.7	332.0	1444.7	P	N	['HH', 'AE1', 'P', 'AH0', 'N']	3	6	[1459.8944192254087, 2735.2415798564016],[1452.1921744349115, 2760.1441473316345, 3719.6167968087666],[387.0604935533545, 1518.2647757951395, 2720.2918474492017, 3571.962893412323],[382.6584607326178, 1451.3500238888, 2303.303067458203, 2779.5399344492425, 3614.3763085800283]	[1436.3434312109475, 1233.2025446268817],[533.4857152867176, 241.66562061258787, 458.0549171392528],[378.25259571800916, 166.6380106903372, 88.45498492271261, 275.84611896439253],[133.20606761310606, 122.94817094083047, 667.9887933011007, 167.8632236641979, 145.37341479697483]
AH	0	AGAIN	386.0	1781.2	2603.7	257.7	653.3	170.7	44.888	44.878	44.908	0.03	6	1	6	2	0	1			386.0	1781.2	386.0	1781.2	370.0	1652.9	356.1	1514.2	356.1	1514.2		G	['AH0', 'G', 'EH1', 'N']	0	6	[2457.3317211165067, 3706.381809110564],[764.1860819747013, 2505.4841210287336, 3262.718594599825],[358.1427783441362, 2201.3266830640396, 2711.113655320219, 3733.2621400808357],[386.00499563733666, 1781.1738754082928, 2603.6759675423423, 3402.7632197945363, 3978.1396815759854]	[239.0287621403521, 241.50065609703054],[507.18196613399783, 355.430971359593, 653.1100087613681],[155.35651242217068, 223.68306699941547, 411.7597818605996, 209.53454872517406],[257.6515456971221, 653.319587604447, 170.69606695697678, 180.716042257594, 511.70025863397314]
EH	1	AGAIN	479.5	1849.7	2647.2	105.3	144.2	311.7	45.01	44.977	45.077	0.1	2	4	4	2	6	0			439.1	1948.1	483.3	1841.2	504.7	1803.2	509.2	1765.8	442.9	1722.2	G	N	['AH0', 'G', 'EH1', 'N']	2	5	[1992.591612272766, 3202.213304812618],[469.3648876930205, 2087.1172644255885, 3264.1570139667847],[479.5257953636244, 1849.7254877674254, 2647.243406927885, 3494.8864744756183],[507.9623244892049, 1798.1656919419327, 2619.316797677677, 3439.3819488860404, 4593.23086636222]	[737.6156477409952, 863.6037714618063],[801.7324575196535, 367.03508383128894, 475.1493031793573],[105.2607562420137, 144.2248668017069, 311.73838272383165, 275.39681101372344],[174.18751296880538, 313.61394208160436, 180.666165626488, 155.1708865988326, 392.39020132550564]
OW	1	NO	445.7	1564.2	2729.6	99.3	89.8	235.0	47.481	47.463	47.574	0.111	63	0	0	0	4	0			482.0	1544.9	524.1	1417.2	482.4	1287.2	457.1	1267.5	426.7	1225.3	N		['N', 'OW1']	1	5	[1296.9958887552777],[887.0542921331293, 2226.3313176640604],[445.6989180800718, 1564.2427964894728, 2729.6044301230427, 3519.2091796091872],[439.00348268002125, 1538.109359361805, 2391.946726176214, 3254.5476048089554, 4360.571524935982]	[854.0278518309278],[1427.2539484871481, 739.2656901258722],[99.2908368433194, 89.78159123730659, 235.04012158560985, 280.9733246515003],[136.16937861571066, 666.8182114584513, 346.64370783979734, 139.91977183834402, 690.556432013991]	removed	unallowed
AA	1	SORRIES	613.1	1177.5	2265.6	103.8	54.7	1749.3	47.717	47.664	47.824	0.16	44	6	4	2	3	1			609.8	1207.4	619.7	1176.8	680.5	1178.5	641.9	1204.4	579.6	1236.0	S	R	['S', 'AA1', 'R', 'IY0', 'Z']	1	6	[1060.3090285131286, 2699.3014778051943],[1047.5183924605396, 2484.18007894195, 2853.453798217119],[624.6920604532298, 1186.3364452281219, 2444.436760288657, 3061.8430915646695, 4769.676990342853],[613.0579502047228, 1177.538500481071, 2265.5549171689054, 2466.304109688298, 3087.9341054830165, 4751.764075150065]	[280.8790399188511, 254.50946251020505],[179.46557712543935, 816.927711116823, 590.0075000679981],[123.21122170148757, 56.52391326330923, 81.35212405874188, 107.79641007585427, 323.22393315905884],[103.81562628051039, 54.66944513971319, 1749.2878918789916, 601.0876879123556, 115.14224600049808, 176.58744801096955]	removed	unallowed
IY	0	SORRIES	405.2	1899.7	2668.6	95.4	99.0	270.5	47.897	47.874	47.944	0.07	11	3	4	2	7	0			426.0	1867.8	400.3	1904.6	377.2	1927.8	360.3	1943.2	344.9	1950.4	R	Z	['S', 'AA1', 'R', 'IY0', 'Z']	3	5	[2124.5215449642365, 3243.714960245888],[386.3634598278909, 2006.9229453612031, 2968.673056955089, 3559.3034562294783],[405.220274427415, 1899.698665993803, 2668.632673679071, 3350.0179464563807],[400.03853042968893, 1869.0658129680537, 2255.967191680568, 2853.0586255745743, 3402.7043979478144]	[437.2201880448506, 296.1932372276818],[505.1033741579124, 226.02926950462225, 420.58513749131373, 486.65394390782194],[95.39002570533992, 98.997786619239, 270.48376273681504, 204.90562190886428],[65.80029491546726, 353.0943893343988, 818.0234886425877, 453.8883897528943, 192.22107267954266]
AH	0	JUST	361.3	1770.7	2474.4	81.1	111.9	1639.4	48.197	48.184	48.224	0.04	6	3	4	1	5	3			361.6	1774.7	361.2	1766.4	362.3	1739.3	364.9	1708.1	365.4	1697.7	JH	S	['JH', 'AH0', 'S', 'T']	1	6	[2481.1575702796918, 3523.5973775226507],[1724.5914113501224, 2795.4128795223833, 3635.4788407258106],[365.15241798659116, 1781.8997382710718, 2723.3836106434355, 3502.655860909907, 4199.045021709378],[361.33522434593556, 1770.6628614823526, 2474.428183852414, 2898.91471716773, 3593.124398109726]	[614.6140649456613, 375.2768340951082],[1051.0905962942206, 589.6407852238913, 378.55125226299293],[105.2527001725986, 95.62019440271477, 82.99827662760589, 101.89701185834896, 364.93480159536534],[81.06182015800549, 111.92637968566905, 1639.3780468321002, 870.0334878383322, 420.9900896624466]
EY	1	SAY	469.3	1859.9	2686.2	69.9	74.3	165.8	48.387	48.364	48.484	0.12	22	0	0	0	3	0			469.2	1863.9	459.8	1918.3	449.6	1936.8	445.6	1924.5	445.2	1871.9	S		['S', 'EY1']	1	5	[2264.420929758176, 3078.921563053259],[479.626154402708, 1975.5422672991697, 2878.391291937531, 4585.021357756693],[469.3153008504799, 1859.8756798494392, 2686.164849540387, 3440.6467830505035],[469.23899417647635, 1642.0010320717772, 2051.510302857918, 2694.3080060714433, 3488.717182850343, 4680.188370400623]	[758.7392787303144, 2781.7818437076594],[335.8276883202977, 174.3242278270045, 240.19994494234433, 607.5101869363972],[69.91501508803978, 74.2551480873369, 165.7739552071273, 722.1683008938999],[68.70739424001073, 2378.815374302261, 1850.891232522689, 141.59957311136176, 565.7989725047228, 439.59180267581803]
AH	0	IT	451.9	1387.6	2493.7	121.7	133.3	86.2	48.497	48.484	48.524	0.04	6	1	4	1	0	0			451.1	1402.9	452.8	1372.5	458.0	1273.5	457.0	1178.1	456.8	1152.1		T	['AH0', 'T']	0	5	[596.8572443670703, 2448.273711964635, 3669.7824742320668],[766.5736014365225, 2362.809372361559, 3335.416162929258],[451.8792194543098, 1387.6219877818994, 2493.67770906488, 3421.806423792944, 4374.5669098053995],[444.0060112434042, 1368.3295833526083, 2387.3586199971514, 2678.877713935637, 3446.579018277688, 4400.547317006859]	[845.6045922857695, 808.2179827902626, 1233.69280787809],[793.1724182103644, 970.9158667566016, 959.863685562463],[121.70705110655891, 133.30823776674163, 86.19160386631088, 185.587319466255, 374.91025097684803],[68.46869466397796, 110.11281635223948, 1186.6663610128348, 1251.0893738634588, 217.75348581307034, 322.8874580246264]	removed	unallowed
OW	1	WON'T	429.0	833.2	2099.1	379.2	177.2	363.8	48.6	48.583	48.654	0.071	62	4	4	2	9	3			425.4	827.1	452.2	843.9	471.7	844.8	434.3	840.8	383.4	843.7	W	N	['W', 'OW1', 'N', 'T']	1	6	[663.8778913726105, 2510.9487674601783, 3631.4752172351305],[740.1169225906775, 2400.3208345186863, 3398.713203890952],[747.9913710980856, 2359.7448501821964, 2816.6131463248103],[428.9741985023133, 833.1549499897767, 2099.111343144923, 2680.0465644528745, 3481.296202919858, 4506.62791807725]	[221.85799219139113, 662.1297717401432, 1931.018812027314],[227.17593007063496, 411.626106165351, 668.4638685299236],[191.8181455266219, 504.6310606322079, 1363.7841752742568],[379.2370859426747, 177.19147257037184, 363.78709588371856, 333.42537719258974, 308.74964215003064, 572.7339492894398]
AE	1	HAPPEN	644.3	1594.1	1936.2	86.2	69.8	982.4	48.777	48.754	48.824	0.07	3	1	1	1	0	1			657.7	1607.5	641.9	1589.9	622.8	1541.1	595.8	1443.2	525.5	1334.4	HH	P	['HH', 'AE1', 'P', 'AH0', 'N']	1	6	[1594.5188802417879, 2965.3379283807926],[1108.3687332430798, 1711.0408381557418],[673.7740836332034, 1609.845217254001, 2540.9918506098106, 3475.790269964435],[644.3348387513811, 1594.1421978449996, 1936.1829200961427, 2632.34777058229, 3510.189799823275]	[242.23616352792712, 771.0696987964835],[2240.689606493721, 848.6099382180457],[151.32012920378875, 44.05685245488948, 221.69879656158795, 271.9907355880864],[86.22086421964714, 69.83596738727661, 982.4009705439659, 217.35371919458194, 152.31184160711217]	removed	unallowed
AH	0	HAPPEN	393.0	1499.4	2413.3	150.0	87.1	579.1	48.904	48.894	48.924	0.03	6	4	4	2	1	0			393.0	1499.4	393.0	1499.4	372.9	1491.8	355.2	1484.9	355.2	1484.9	P	N	['HH', 'AE1', 'P', 'AH0', 'N']	3	6	[1540.9628799645634, 2776.109597770133],[1297.83170125395, 2520.125119807234, 3703.745828191081],[394.6803502936891, 1518.3308772497667, 2611.7647202853077, 2846.274853186185, 4378.871317642105],[392.9561047174477, 1499.4149241552357, 2413.263104904867, 2817.517816686975, 3507.8535424714296]	[412.9449001962155, 104.694780806025],[484.56455861032396, 136.72480029233827, 1360.6354176422494],[234.4463736494721, 97.1988351998406, 458.25218467842, 198.6369848947046, 883.4431239998959],[150.02506681774574, 87.14481018728684, 579.066883800153, 135.5757195041987, 1591.2469774696035]
AH	0	AGAIN	456.0	1401.1	2487.1	393.5	1025.5	241.0	48.964	48.954	48.984	0.03	6	1	6	2	0	1			456.0	1401.1	456.0	1401.1	438.2	1349.3	416.3	1230.1	416.3	1230.1		G	['AH0', 'G', 'EH1', 'N']	0	6	[1516.4213883701573, 3153.509310984484],[458.79482854263625, 2374.8415240974455, 3410.2935213652695, 3787.153731161384],[489.5223233631079, 2266.6016760919674, 2816.141347532266, 3643.57223316181],[456.02581072383845, 1401.1168561377278, 2487.059947520235, 3151.183366020512]	[756.1054349851195, 189.02203164975776],[479.8454112313252, 226.57737091121396, 699.995334709944, 1575.6401820710669],[280.1230913903497, 253.9723559993823, 645.2032977977036, 261.48319952761426],[393.4625799839259, 1025.5198079761356, 240.9643352396048, 580.8923476104425]	removed	unallowed
EH	1	AGAIN	462.9	2059.9	2868.8	131.9	118.7	196.9	49.061	49.034	49.114	0.08	2	4	4	2	6	0			430.9	2156.1	465.7	2052.1	491.5	1960.5	516.9	1901.5	536.3	1855.3	G	N	['AH0', 'G', 'EH1', 'N']	2	5	[2294.741617674573, 3597.3284241494866],[458.63091865485796, 2195.4593263468555, 3254.491426830658, 4044.7053802167184],[462.93302882895705, 2059.864348388014, 2868.778510297971, 3696.6668853610886],[465.2582008537323, 1310.3301362829202, 2279.8800763374684, 3043.3972431668844]	[593.5057557291908, 625.8367220880689],[465.8765637216574, 282.60343252419034, 542.4194724717828, 882.4342602968464],[131.87411829071064, 118.72546794545705, 196.86593835475563, 116.18508561027126],[149.11984383200064, 1489.7934868037369, 94.91479597674898, 636.7467674953539]
AE	1	YEAH	530.7	1750.7	2706.1	86.1	127.7	397.7	58.777	58.694	58.944	0.25	3	0	0	0	9	0			520.8	1760.7	533.3	1748.4	538.0	1747.2	535.2	1491.5	545.2	1583.3	Y		['Y', 'AE1']	1	5	[548.8634969266142, 1978.9065132461888],[513.6617730582055, 1745.562262829782, 2776.5007709652255],[530.6716728246234, 1750.6712620747096, 2706.106935312525, 3870.615019052005],[514.6592883481122, 1629.5298529314264, 2428.619535809487, 3252.4885875359946]	[306.8141451992752, 420.4496655338077],[69.937666289965, 201.89474311253412, 600.4545871717987],[86.11542880373099, 127.73818538683126, 397.7026502403065, 1235.634597926897],[161.17962811478793, 74.11922554209373, 304.62201046730735, 469.54676956829803]	removed	unallowed
AY	1	MY	717.8	1246.1	2165.2	156.1	176.2	287.7	60.459	60.428	60.528	0.1	41	0	0	0	2	0		m	703.3	1176.5	716.5	1245.8	688.1	1252.0	667.5	1235.4	592.1	1152.3	M		['M', 'AY1']	1	6	[1034.9567428164858, 2326.752942791775],[909.0545159967915, 1325.6592948140067, 2602.6528094389964],[690.9079541452038, 1214.4246687764853, 2127.105113306743, 2982.4646151042443],[717.7978392297244, 1246.1381508629972, 2165.187853769044, 2989.469150910842]	[254.24158536863806, 727.1909628188815],[418.87313858702475, 802.416763615585, 531.0623682720135],[141.64665391162634, 174.1584504302031, 351.77496791910283, 265.79681723522134],[156.1071359349013, 176.21326927386545, 287.7096037733418, 205.40388121247034]	removed	unallowed
AE	1	BAD	540.2	1635.1	2579.1	201.1	155.6	135.2	60.661	60.588	60.808	0.22	33	1	4	2	1	0			567.2	1687.7	539.8	1628.0	548.4	1656.2	513.9	1681.2	568.0	1667.2	B	D	['B', 'AE1', 'D']	1	6	[652.7219231592455],[449.61089360381555, 1746.5115902571752, 2710.6343183200865, 4509.259387058826],[451.82731755635587, 1579.955310555884, 2620.747737026738, 3320.806057421492],[540.1757362394834, 1635.1022096834504, 2579.1042552257886, 3314.546911741584, 4552.417804867378]	[1421.5047347128068],[428.2223053987847, 680.2972564035257, 289.4999090275185, 607.4401200990062],[143.6763483712204, 327.0735806035625, 264.01125481341353, 1489.6412439794722],[201.0770253805855, 155.57299387732584, 135.16778214894052, 537.8779332699562, 366.83551998864976]	removed	unallowed
