 , , M, , , , 

vowel	stress	word	F1	F2	F3	B1	B2	B3	t	beg	end	dur	cd	fm	fp	fv	ps	fs	style	glide	F1@20%	F2@20%	F1@35%	F2@35%	F1@50%	F2@50%	F1@65%	F2@65%	F1@80%	F2@80%	pPhone	fPhone	allPhones	index	nFormants	poles	bandwidths
AE	1	YEAH	507.6	1745.2	2446.6	48.9	151.9	99.3	7.051	7.001	7.151	0.15	3	0	0	0	9	0			482.6	1146.0	507.2	1734.7	523.8	1583.5	538.2	1533.7	539.0	1604.8	Y		['Y', 'AE1']	1	6	[546.4328342740406, 2301.8430222844486],[509.87235283566434, 1960.4208796130486, 2652.5548957827814],[496.757570146726, 1694.4585011112295, 2433.478005139894, 3500.7986208813254],[507.61432175011674, 1745.199343437083, 2446.6163440569235, 3406.851308278074, 4656.558678419934]	[344.3964253218766, 335.31852739662986],[95.22306826066378, 418.74794084015616, 518.5349347083207],[34.202796537268384, 296.98738980625296, 230.1896490638312, 771.6536961617339],[48.93406100989279, 151.85124308388455, 99.2993297361524, 264.11759424792496, 361.5010896129765]	removed	unallowed
OW	1	OKAY	511.3	1203.3	2429.0	35.3	75.4	250.9	9.969	9.929	10.049	0.12	62	1	6	1	0	1			509.9	1236.5	512.2	1197.6	516.7	1143.7	503.3	1106.1	445.1	1085.4		K	['OW1', 'K', 'EY1']	0	5	[748.1067894702137, 2693.957908023008],[581.6083915625309, 1405.5591570827019, 3272.7169862733917],[511.3402723983896, 1203.2773888208528, 2429.0126353819282, 3392.498762056, 4523.2830911720075],[514.6556593104665, 1149.8887301110042, 1756.297182580074, 2671.548444945571, 3604.6067700135054]	[1120.0252927612644, 1113.4860705394271],[301.7475978370436, 725.1315513803595, 405.7236884687686],[35.3280974391196, 75.40373406757897, 250.88696806859102, 116.2087304574784, 591.6670760474691],[45.801455696828114, 1850.2163939889333, 1895.395992036156, 212.99414947393595, 133.8595461317755]	removed	unallowed
EY	1	OKAY	489.6	1691.3	2507.1	96.6	106.7	208.2	10.139	10.099	10.179	0.08	22	0	0	0	6	0			469.6	1722.4	479.6	1707.9	489.6	1691.3	486.5	1669.1	484.4	1632.8	K		['OW1', 'K', 'EY1']	2	5	[1719.8574571632396, 2698.979806109107],[511.4875379288544, 1787.5014715587295, 2706.1514771037246, 4356.618803017041],[489.5742432834493, 1691.3207317439699, 2507.0901213356574, 3305.996627624459],[491.20711532418835, 1152.9394013098686, 1712.2139337698793, 2516.1284638939383, 3288.345503902235, 4668.147134637905]	[819.9754108859089, 879.0069834972849],[379.99452053035054, 242.64797132267213, 289.3043467993642, 1392.95182143034],[96.5970423459015, 106.67775377568158, 208.19450040164585, 536.6456801700867],[118.91625678152414, 2143.3595675093356, 90.21185489373211, 114.64342835101986, 233.07056537883207, 519.8523085911756]	removed	unallowed
IH	1	IT	368.4	2078.4	3273.1	70.4	165.4	814.2	15.279	15.236	15.366	0.13	1	1	4	1	0	0			599.7	2174.4	370.7	2061.6	393.4	1998.4	397.0	2000.2	387.4	1978.9		T	['IH1', 'T']	0	4	[350.7963969040816, 2259.699199725226],[368.4306922139111, 2078.3719514597237, 3273.1212156735937],[365.0763989455149, 2018.2994510833691, 2756.2740110305413, 3877.8429631546683],[370.07019919890286, 1865.5089692074973, 2430.679444571734, 3397.139190484284]	[407.4286757726579, 321.89635259186264],[70.4180516908697, 165.37231332246247, 814.1700199765999],[41.3802784091997, 233.41706266140022, 874.0051408396572, 1153.621994263248],[48.46902297377576, 406.0370873940709, 595.7949028091099, 707.2587392118876]
EY	1	BASICALLY	429.9	1816.7	2443.0	99.6	90.5	565.1	15.592	15.556	15.647	0.091	21	3	4	1	1	2			410.6	1744.1	428.5	1806.5	425.4	1840.5	411.0	1854.9	389.4	1897.9	B	S	['B', 'EY1', 'S', 'IH0', 'K', 'L', 'IY0']	1	5	[1952.404049486135, 3436.462483905339],[438.781243033018, 1890.8487230527828, 3142.2160027598457],[429.9091030347205, 1816.659579402533, 2443.0175932527623, 3300.5151811445617],[427.49380102531416, 1618.9147412282007, 1890.7520899347153, 2640.750057728092, 3442.6348517567985]	[900.1557964750276, 852.4544707737424],[463.91493927287877, 112.35495107873932, 309.04718993266874],[99.63342963757124, 90.52688838779437, 565.1207664513611, 242.1710814992183],[102.16458568419412, 2322.8130970326865, 116.52442432008456, 468.8342213818986, 234.90815481324628]
IH	0	BASICALLY	351.3	1927.6	2677.6	103.9	307.7	831.5	15.686	15.676	15.706	0.03	1	1	6	1	3	1			351.3	1927.6	351.3	1927.6	347.3	1934.4	343.1	1935.1	343.1	1935.1	S	K	['B', 'EY1', 'S', 'IH0', 'K', 'L', 'IY0']	3	6	[2501.8761018892114, 4032.503685203813],[2244.1489731943234, 3695.572216807183],[356.97290956679683, 2020.9505501833244, 2974.8017778032035, 3946.793613015469, 4735.894765200785],[351.3288598050378, 1927.5739422244078, 2677.590254413295, 3373.9905636786343, 4079.815894788848]	[1015.8408069180331, 966.6497999268955],[705.5707870152946, 843.8156503017078],[201.29277608448857, 247.26026395929034, 427.59790791049215, 385.9275019979432, 398.4814999764657],[103.86710092421092, 307.70846883232014, 831.5027034512104, 1044.6079636091274, 526.7149377303006]
IY	0	BASICALLY	383.3	2052.9	2504.8	85.3	97.1	141.8	15.79	15.767	15.837	0.07	12	0	0	0	8	0			387.6	2033.3	383.1	2054.0	382.4	2052.5	382.1	2046.2	379.1	2046.4	L		['B', 'EY1', 'S', 'IH0', 'K', 'L', 'IY0']	6	5	[2223.135712686457, 2860.248895389839],[1477.4762961862102, 2714.449008023356],[383.32429387764927, 2052.875930998932, 2504.8458063278804, 3450.69883230613],[378.9066975962648, 1839.536553907285, 2091.4818886422754, 2532.168420174335, 3473.013710792669, 4800.468189522251]	[270.5675799898545, 1006.7380550480136],[451.23175012780564, 477.897029411579],[85.34423223238743, 97.1455428957894, 141.79445522484966, 313.5101502166023],[75.96164826896667, 1864.1265615080279, 594.9503535425924, 138.96493846419438, 186.59766524154952, 441.81917071887506]
IH	1	IT	365.7	2036.0	2589.3	53.6	63.0	222.8	15.85	15.837	15.876	0.039	1	1	4	1	0	0			366.7	2038.9	364.7	2033.0	358.0	2016.3	346.4	1990.6	341.7	1979.8		T	['IH1', 'T']	0	5	[2129.2672720731703, 3024.826635744342],[339.0872391988048, 2124.470349377184, 2980.5944960887628],[365.7477297455202, 2036.0496329202322, 2589.3085241150156, 3366.190467019886],[363.29597846838954, 1640.840536748268, 2049.8232635609193, 2636.083596994091, 3396.2507652105296, 4648.36577856721]	[300.5503989488621, 828.3150978495003],[483.76972052653633, 112.1024257735113, 344.784553773558],[53.59235941290776, 62.95855688203522, 222.77362852537524, 291.1910584416394],[52.31694224230426, 2084.9705043454765, 61.91523841030728, 162.12389105559544, 161.04927184831803, 392.6772226930723]
AH	0	JUST	389.4	1700.7	2513.0	93.0	128.3	202.8	15.949	15.936	15.976	0.04	6	3	4	1	5	3			388.2	1702.9	390.5	1698.5	394.1	1684.7	391.6	1669.9	389.0	1665.7	JH	S	['JH', 'AH0', 'S', 'T']	1	6	[2037.2316921088816, 2951.9170691793815],[1716.2674143023946, 2489.1172115517506, 3825.0791759371036],[395.94625087995337, 1733.5635712222859, 2543.1083685061317, 3410.642524261524, 4595.497256125631],[389.4437913343819, 1700.7137574106341, 2513.023280638188, 2953.4971194367745, 3559.4517921518113]	[752.5362096504386, 963.753821545002],[1206.167456222632, 653.451533131998, 1190.5351039181605],[155.2195698662825, 132.6178839477876, 148.54991057734804, 308.4324631854208, 681.8838420689909],[92.97048529596707, 128.3233059453758, 202.8074573308435, 1890.471578339331, 490.69095213958747]
IY	1	FEELS	462.5	1386.3	2526.3	68.3	117.7	135.9	16.116	16.106	16.136	0.03	11	5	4	2	1	3			462.5	1386.3	462.5	1386.3	464.6	1374.3	467.1	1361.5	467.1	1361.5	F	L	['F', 'IY1', 'L', 'Z']	1	5	[713.1343360992155, 2728.558786920407],[572.5616247755951, 1732.9490522896435, 2870.569066883769],[462.4864306581992, 1386.3163222424928, 2526.3041996333436, 3288.7116542392814, 4332.996556994589],[455.8392378593188, 1357.8639010895536, 2276.0868991232446, 2563.196370998991, 3350.657760300142, 4371.5269025333455]	[876.5747029851875, 1049.2032013417268],[654.6935688849999, 1118.8079632111858, 585.7812910629098],[68.27280841690312, 117.73841483505129, 135.88865676191708, 232.63886895207165, 358.0779830869986],[46.32381690759278, 122.5073029091628, 1667.1039643197282, 201.66957173485596, 221.40038055149878, 215.20034229962303]	removed	unallowed
AY	1	LIKE	602.3	1427.0	1818.7	125.1	127.1	1953.4	16.242	16.236	16.287	0.051	47	1	6	1	7	0		s	599.0	1471.7	574.8	1566.0	533.5	1633.7	498.2	1655.8	472.4	1661.0	L	K	['L', 'AY1', 'K']	1	6	[1588.166827663068, 2753.6602442336607],[774.208627388503, 1432.2544096060028, 2882.829130168834],[617.7510603940613, 1424.1815531630793, 2592.084565049987, 3343.5159071968833],[602.2637971360572, 1427.0228152875584, 1818.6705248456951, 2617.1103846863775, 3359.79373570675, 4671.025086371075]	[1038.4887038088102, 635.2921436917364],[1632.5266916033308, 882.5261951577443, 510.782895691381],[140.42757075687746, 97.76681300805006, 178.13019359786284, 288.5005765920856],[125.06871801973341, 127.13980359607598, 1953.385344450446, 137.6642998912879, 186.2810995466719, 583.3151437181905]	removed	unallowed
AY	1	I	612.9	1640.7	2371.6	105.5	169.1	222.9	16.331	16.317	16.346	0.029	41	0	0	0	0	0		m	565.8	1670.5	589.1	1655.8	618.5	1636.6	628.6	1627.8	628.6	1627.8			['AY1']	0	5	[1775.2233721653226],[689.345862179666, 1860.7720424512422, 2672.2405958412287],[612.9272930348453, 1640.7029677122014, 2371.630699994897, 3179.6051706516473, 4689.748515666517],[615.2752496908861, 1649.4150072501288, 2206.0342743409456, 2807.6713309522543, 4012.173875202793]	[1747.7217207138629],[499.15031337032474, 424.8903864182059, 497.64528334891554],[105.49489076638702, 169.05180523214594, 222.90223858826621, 508.017390218042, 478.502047525764],[112.43821598324492, 173.68505582971028, 1642.2771547781529, 357.3936893347286, 405.9415146853291]	removed	unallowed
AE	1	HAVE	639.8	1363.8	2252.6	69.3	122.9	93.0	16.389	16.376	16.416	0.04	3	3	2	2	0	0			641.3	1369.1	638.3	1358.9	627.0	1339.3	608.3	1321.1	600.3	1314.5	HH	V	['HH', 'AE1', 'V']	1	5	[895.3119579973351, 2134.095466595126],[885.5459181246937, 2069.0530409844946, 3158.333044960972],[639.8476302214191, 1363.8099666261128, 2252.6443101401655, 3246.7978369605103, 4686.661745876353],[626.144171273384, 1317.0959333427352, 1976.154566985154, 2312.5253115617434, 3281.0206275710702, 4637.955198989658]	[558.2100026220187, 964.6210364720259],[364.17610019988007, 425.4309933299838, 526.5702271138963],[69.34138986816617, 122.93887882041716, 93.00346236910951, 109.97971990437583, 560.4719073248976],[53.93153574999578, 163.0629038700911, 1015.4416356634762, 182.09770417739725, 58.8839744866277, 141.55866327137602]	removed	unallowed
AH	0	A	445.3	1685.5	2046.8	57.4	111.1	1230.3	16.473	16.456	16.506	0.05	6	0	0	0	0	0			449.4	1634.5	445.3	1685.5	432.3	1731.9	404.6	1700.1	375.3	1564.2			['AH0']	0	6	[1846.4933031431037, 3187.9539189525535],[555.0811766898182, 1873.2187004358316, 2934.872257399184],[455.20931457059635, 1702.1509455615937, 2456.6711549066135, 3353.1187852660146],[445.3291583605858, 1685.5060749976235, 2046.840885711778, 2532.536777103989, 3388.9083180413]	[438.9747657098812, 686.978092826976],[781.7126643006169, 451.011223951223, 643.0609201668145],[95.91183892638172, 72.70637724901675, 226.7876034931952, 214.35883969436986],[57.442332011318655, 111.13799150100897, 1230.3373390181855, 319.531109549648, 169.64893258560676]	removed	unallowed
IY	1	NEEDLE	320.7	2307.3	2986.9	86.8	116.6	350.0	16.617	16.577	16.696	0.119	11	1	4	2	4	1			328.4	2265.6	319.9	2309.9	307.9	2303.8	301.0	2241.8	317.7	2108.5	N	D	['N', 'IY1', 'D', 'AH0', 'L']	1	5	[2435.3802695070976, 3026.593621142015],[321.4159187711532, 2342.946358639893, 3053.240578440454],[320.7156587849335, 2307.301473681384, 2986.914109690026, 3341.4167482906755],[324.6891187210868, 1276.1717749124173, 2466.328917657857, 3018.0777715400436]	[486.2441762787805, 1073.2263649261204],[195.05850171499213, 90.66072838412349, 191.21785589983017],[86.83528676656735, 116.59830262583823, 349.9597881385881, 1428.6305562574607],[112.16613180874019, 1923.2636390576156, 134.9798268477734, 348.7398954548278]
AH	0	NEEDLE	418.0	1340.6	2513.9	84.7	112.1	135.7	16.727	16.717	16.746	0.029	6	5	4	2	3	0			418.0	1340.6	418.0	1340.6	419.9	1333.3	424.8	1311.5	424.8	1311.5	D	L	['N', 'IY1', 'D', 'AH0', 'L']	3	5	[972.0171644684874, 2792.8786359379733],[893.0701394035154, 2140.3265930674497, 3068.127059988467],[417.976686901948, 1340.617613155533, 2513.9079009469074, 3320.940606902547],[411.08668210396246, 1316.4181362899023, 2090.6934282058355, 2547.2875985839996, 3356.2004605064903]	[1309.2046581918582, 1019.3483315677081],[869.7125429860613, 1153.7743255051982, 587.74342522757],[84.65039574318727, 112.14269413774478, 135.70334522569306, 182.14780035408978],[62.20719017806739, 123.94400400789124, 1792.1895647599338, 162.2504815670074, 136.4850817178253]
IH	1	IN	566.2	2136.4	2824.2	535.2	233.9	382.5	17.142	17.099	17.229	0.13	1	4	4	2	0	0			809.6	1985.2	525.0	2151.5	389.2	2138.8	381.9	2083.8	402.4	1982.3		N	['IH1', 'N']	0	5	[2288.20638623985],[678.6183439128612, 2274.2033650196513, 3204.2758549631853],[566.238032620689, 2136.359702823542, 2824.1645001290017],[517.1479786531181, 1996.8641275941782, 2626.620926427567, 2981.0494051202404]	[482.06875691247166],[835.0381819516037, 265.13297204288006, 428.3250493542457],[535.1610079882506, 233.89723836911054, 382.5435888951934],[645.5597419146832, 360.07786645546645, 718.1895342638003, 700.3490391191511]	removed	unallowed
AY	1	MY	750.2	1351.8	2348.4	229.4	182.2	250.9	17.361	17.339	17.399	0.06	41	0	0	0	2	0		s	747.2	1262.6	750.2	1342.1	748.9	1442.6	743.0	1530.1	736.4	1567.9	M		['M', 'AY1']	1	5	[1185.9177518683161, 2611.6463129205413],[1090.5676056674872, 2059.7728784120914, 2870.2995893006696],[750.2241755724582, 1351.8404142907916, 2348.4417044027855, 3031.0074752704554],[709.7542357092938, 1359.6506846408834, 1936.1530625483254, 2443.7077270214354, 3122.443642073094, 4668.1417455348155]	[448.86545562729225, 497.45966674989353],[297.8878609943117, 821.8672780735075, 367.35552336374474],[229.44667853671064, 182.17829906049082, 250.9301043649332, 235.35151663080117],[181.950821344461, 291.59066188795515, 994.5912742318967, 317.61679151584667, 206.32937043663912, 422.7625511762487]	removed	unallowed
OW	1	SHOULDER	478.3	1294.0	2373.9	111.7	203.3	392.3	17.515	17.508	17.648	0.14	62	5	4	2	5	4			454.6	1131.5	443.9	1049.7	449.6	1022.2	444.4	1048.3	416.4	1107.9	SH	L	['SH', 'OW1', 'L', 'D', 'ER0']	1	5	[723.2560162891731, 2702.1525937501506],[546.6012836684258, 1479.2949742901378, 2884.098040611073],[478.33345388437874, 1293.9734728419057, 2373.908167222267, 3249.5464871657086, 4322.141750875629],[473.5244523905047, 1282.4297900258587, 2004.7754899646786, 2464.570691683874, 3301.1316586232056, 4350.000324833691]	[577.1627071427783, 1134.8806713371182],[409.23853801033397, 811.6297826004048, 647.112894258749],[111.6626701826749, 203.30706326372714, 392.25256723396456, 381.1382819723819, 717.6939163031743],[104.61569851906626, 221.79488387454748, 2374.6696081039354, 661.6455228482654, 336.2433249994121, 490.19098728993885]	removed	unallowed
ER	0	SHOULDER	450.5	1548.2	2399.5	73.3	157.9	189.1	17.748	17.698	17.848	0.15	94	0	0	0	3	0			444.7	1478.5	451.0	1549.5	452.7	1489.1	450.8	1600.3	386.8	1679.1	D		['SH', 'OW1', 'L', 'D', 'ER0']	4	6	[484.4974053388376, 2330.887487300233, 3942.5925639676566],[469.50472394754865, 1760.854141864545, 2731.2846444577044, 4233.884396968978],[442.293113031144, 1515.2575577076009, 2375.5260504278067, 3155.517756389899, 4381.43889692883],[450.47323604639473, 1548.1942684652809, 2399.470389164173, 3181.2428301091736, 4378.686639384295]	[908.6511588845943, 843.9230071092086, 2882.675112344348],[230.71161628715984, 450.8984855872542, 442.3470949624409, 810.3686844967868],[52.54454424694069, 185.9998149481601, 259.8577389496494, 402.3265141560277, 348.9329463499851],[73.3294889933329, 157.86596278599683, 189.10631370609036, 300.7890306225206, 291.28234047654996]	removed	unallowed
AE	1	AND	609.4	1846.5	2541.7	123.6	220.2	582.7	18.171	18.108	18.298	0.19	3	4	4	2	0	3			629.2	1830.9	604.1	1859.1	639.3	1854.9	641.5	1874.9	626.3	1851.2		N	['AE1', 'N', 'D']	0	5	[1141.329300407768, 2261.887231685988],[669.7267850313318, 2035.5346755322428, 3026.2058029431932],[609.4100758069641, 1846.4549683888617, 2541.6795394133624, 3387.059624391915],[628.7958346688513, 1299.0234520625093, 2038.3020386383996, 2756.9002828149505]	[2141.62831989269, 725.6849285691978],[400.24982756244776, 269.9609789285607, 611.0204929755278],[123.60955598706154, 220.17417825211788, 582.6594559479137, 643.1671792573451],[229.58875159253148, 1196.3235282185572, 211.02299937683762, 213.4638299360782]	removed	unallowed
AY	1	LIKE	737.2	1343.8	2416.5	218.0	224.2	215.0	18.723	18.697	18.817	0.12	47	1	6	1	7	0			745.4	1342.9	688.3	1380.8	633.4	1508.5	578.0	1693.6	528.1	1898.2	L	K	['L', 'AY1', 'K']	1	5	[1079.1846214552504, 2409.417632170338],[957.8357731349241, 1840.3339679958472, 3156.9906644141174],[737.2121555776711, 1343.7606851262833, 2416.5071055322087, 3776.107184339441],[718.531645848578, 1321.3268277602363, 1816.8507846473062, 2543.062580548994]	[385.5454906405484, 1018.0370013010538],[364.5709114284792, 629.0512230379011, 806.7323768063625],[217.97329596167094, 224.23046738463788, 214.9653700956359, 582.5883463475408],[217.33656807614258, 261.87899723854554, 1916.8452057090324, 258.9553376619683]	removed	unallowed
AY	1	I	605.7	1623.5	2387.0	68.2	200.8	267.8	18.898	18.857	18.997	0.14	41	0	0	0	0	0		m	588.9	1676.0	600.5	1589.4	578.1	1664.2	498.7	1691.1	425.2	1702.8			['AY1']	0	5	[1993.8079139843114],[654.7104098997473, 1831.116250833781, 2625.63341654581],[605.6725821009068, 1623.4828048803827, 2387.015268024267, 3170.3894843826793],[602.9877186585959, 1489.2026644637074, 1877.0443344089708, 2570.5131307782362, 3473.5522030388047]	[1465.421999417889],[321.90992055148274, 373.9411717447546, 413.81581647537985],[68.1671257652733, 200.79061208755252, 267.7564768976823, 664.5023489085754],[58.07831850564288, 915.5348189778299, 929.869318496917, 238.73333706511497, 395.9159071959366]	removed	unallowed
OW	1	NO	504.5	1355.9	2529.6	183.4	248.4	260.1	19.174	19.158	19.267	0.109	63	0	0	0	4	0			507.1	1311.9	512.2	1185.3	493.5	1053.2	479.2	916.9	527.0	1321.6	N		['N', 'OW1']	1	5	[941.44184443263, 2702.948807663008],[665.289962303065, 1383.6421798499778],[504.46101412351857, 1355.8983802065015, 2529.6188284168425, 3254.0696818532333],[517.3976872767474, 1106.010081407235, 1480.9034171989206, 2579.781604460116, 3357.946389257186, 4670.450855782947]	[931.3144944760616, 531.4196826859898],[1109.3955740303581, 1471.0923628806286],[183.3633610528583, 248.44856638511664, 260.1280268850051, 495.13225772585554],[277.98833858205546, 1752.3607975712066, 522.839604463705, 136.31484071175043, 219.1188090330881, 223.02726396018954]	removed	unallowed
AH	1	ONE'S	424.7	1272.3	2108.6	199.4	157.4	620.3	19.334	19.317	19.367	0.05	6	4	4	2	9	3			427.4	1238.1	424.7	1272.3	424.9	1330.6	435.1	1402.9	432.6	1421.1	W	N	['W', 'AH1', 'N', 'Z']	1	6	[1231.1573078602119, 2847.211646597833],[957.8632728152857, 2091.7002930242375, 3155.20744339549],[448.7163752266157, 1322.0256770649296, 2420.596321675099, 3161.9851978922543],[424.73431520022643, 1272.2864722951551, 2108.593307514322, 2785.2698613882285, 3287.2783872599894, 4515.83292244048]	[754.4009273944757, 793.1058522481701],[848.2035371490169, 980.2078033772926, 664.0060989968009],[370.62490691370095, 196.1960379409972, 353.1224896416505, 321.81834901694964],[199.41520401716724, 157.38858222576928, 620.26508844714, 487.45234470980256, 828.2025391535736, 226.83797961802549]
AH	0	JUST	392.9	1676.0	2566.0	134.7	117.7	190.0	19.54	19.527	19.567	0.04	6	3	4	1	5	3			392.4	1679.1	393.6	1672.9	394.1	1656.4	393.8	1643.5	393.3	1640.6	JH	S	['JH', 'AH0', 'S', 'T']	1	6	[2121.3276200981454, 3955.4505876893863],[1664.9773023121297, 2618.972936303667, 4059.461888596589],[396.2192247639673, 1698.019372651861, 2604.427454613017, 3673.8234300913987, 4458.081900841546],[392.90088801299083, 1676.0087428372456, 2565.984632285934, 3478.180563903426, 4066.1217164635223]	[817.729884584463, 1139.764193950152],[883.9403789012935, 882.2441862523193, 617.4296889795097],[195.55929322668558, 142.08525035411475, 183.9557982580305, 333.0988381383502, 400.1781194831816],[134.67233579440793, 117.66611125409847, 190.00111852077174, 1500.9158288795331, 785.9264377253073]
AA	1	GOT	622.8	1506.8	2655.3	70.5	259.3	167.8	19.718	19.688	19.777	0.089	5	1	4	1	6	0			566.5	1589.4	626.7	1501.1	669.4	1455.2	682.2	1487.7	671.5	1493.3	G	T	['G', 'AA1', 'T']	1	5	[917.2266931309786, 2704.138440996717],[676.7578909945246, 1855.9539004279195, 2782.828451232243],[622.7884937158885, 1506.8309921971772, 2655.2995466832854, 3340.5166996903454],[594.9620781659346, 1049.2671127941671, 1598.5781666186383, 2663.8345288922133, 3375.4568502740435, 4745.547665792187]	[578.5782215344836, 284.4232920147287],[243.2584353769527, 998.0970978099557, 247.9883010098368],[70.4613029843331, 259.28780957456786, 167.78115442176252, 715.895706015744],[569.1105576124486, 1517.582403123853, 257.13734363238643, 76.32540899334074, 238.19019676285166, 292.97280121151994]	removed	unallowed
AH	0	IT	503.2	1539.9	2593.4	60.0	46.5	440.4	19.827	19.817	19.847	0.03	6	1	4	1	0	0			503.2	1539.9	503.2	1539.9	503.7	1546.4	503.6	1552.9	503.6	1552.9		T	['AH0', 'T']	0	5	[1456.639977513484, 2753.0160359194574],[527.76323718142, 1584.2256098852324, 2760.447514149846],[503.16144611837234, 1539.8838757923236, 2593.3601761871396, 2886.3658574662127],[495.6139110180504, 1528.478252420834, 1596.3320247799338, 2641.665306479978, 3025.2314285592893, 4660.435156843985]	[354.11369683825507, 318.6759178558569],[286.23147544987506, 114.93000885921327, 94.22500707858951],[60.02525835100904, 46.497122846512994, 440.38607887263703, 356.12581343137515],[48.65595884201114, 556.9257396378443, 802.5959393410817, 170.23337889503298, 280.354971525697, 458.68150368321034]	removed	unallowed
AW	1	OUT	624.3	1578.6	2524.5	70.4	139.3	420.2	19.902	19.887	20.027	0.14	42	1	4	1	0	0			646.7	1521.5	637.1	1374.2	640.9	1271.5	571.9	1167.4	538.7	1200.2		T	['AW1', 'T']	0	5	[825.030346455803, 2097.6593390950934],[661.8212267647581, 1528.1098736001338, 2736.1661427796726],[624.2790193966665, 1578.6213168740173, 2524.518583497581, 3700.996385400649],[635.4452102931697, 1402.2280458311652, 2383.598756804389, 2836.136926791456]	[506.29647829483, 940.045802718842],[115.95363590929601, 207.11895475326196, 285.8198978848635],[70.37754302792459, 139.27576948907446, 420.2160474041918, 644.9973406445704],[225.814398769595, 422.9429023152404, 649.283611913812, 597.8099696273854]	removed	unallowed
EH	1	YET	517.8	1707.8	2590.2	89.7	106.3	175.8	20.181	20.158	20.228	0.07	2	1	4	1	9	0			509.3	1763.0	518.1	1702.3	516.5	1670.0	503.7	1669.8	496.2	1693.0	Y	T	['Y', 'EH1', 'T']	1	5	[1567.078884291905, 2725.4916653390706],[546.8864870227789, 1859.9018421753606, 2828.547139096387, 4424.270805756271],[517.7988906160635, 1707.8351045277384, 2590.214860365565, 3439.4369069090335],[507.0480360445713, 1598.0839084146091, 1735.6415465285452, 2629.344597996223, 3463.8834436390666, 4660.0437497381445]	[986.577640572688, 751.7073573354396],[611.6196736036703, 425.69582140927645, 406.24056709066923, 1220.688330144442],[89.71341840163706, 106.2858282520348, 175.8008847173507, 450.8185609913432],[77.74295155165483, 1166.04245113826, 310.1054404423788, 107.99968460343506, 183.09328930903865, 362.1855972945278]	removed	unallowed
