 , , M, , , , 

vowel	stress	word	F1	F2	F3	B1	B2	B3	t	beg	end	dur	cd	fm	fp	fv	ps	fs	style	glide	F1@20%	F2@20%	F1@35%	F2@35%	F1@50%	F2@50%	F1@65%	F2@65%	F1@80%	F2@80%	pPhone	fPhone	allPhones	index	nFormants	poles	bandwidths
IH	1	BIG	392.8	2211.4	3749.1	201.9	96.8	377.2	4.776	4.746	4.836	0.09	1	1	6	2	1	0			361.2	2183.3	393.8	2212.4	387.8	2236.0	363.4	2288.7	339.3	2376.1	B	G	['B', 'IH1', 'G']	1	4	[2204.9251423845317, 4105.5566004278935],[392.78609825270405, 2211.441396170914, 3749.127915521365],[397.33179949472856, 2088.003251152302, 3215.2609074495867, 4192.514636968791],[419.65260263148906, 1613.9476998414957, 2650.8811363832187, 3672.389809285399, 4310.34021537575]	[498.9042944673622, 569.1061626024419],[201.91249718974268, 96.81053729395462, 377.22030072870757],[468.38142227230134, 617.1362219094364, 441.3795534677666, 784.0736970474335],[279.94534526266534, 929.8466838571901, 708.218459959211, 759.9975028621312, 843.3439794865841]
AH	1	BROTHER	793.8	1639.0	2785.7	63.1	146.1	635.9	5.08	5.016	5.207	0.191	6	3	3	2	8	1			799.0	1674.2	793.0	1634.7	785.0	1650.1	717.0	1701.0	505.0	1273.3	R	DH	['B', 'R', 'AH1', 'DH', 'ER0']	2	6	[863.3812809036172, 2077.224520772781, 4098.533697454456],[769.2983636283242, 1667.6740202301582, 3469.077410395708, 4298.968224305411],[778.7080148617184, 1665.2032528769937, 3165.277027434344, 4023.233446590754],[793.8439552118529, 1639.0142727170817, 2785.664679739589, 3749.4149871810655]	[305.45805709495187, 1484.8020885444018, 652.515097012723],[111.2194682174927, 377.45060605176275, 818.8014381686156, 923.9396900695389],[100.64412505394297, 262.0251677210388, 666.4934457189479, 537.6815673010097],[63.11117901245066, 146.10044438011306, 635.9087936380157, 396.7398997165565]	removed	unallowed
ER	0	BROTHER	604.5	1814.7	3373.6	180.8	105.6	494.8	5.293	5.276	5.326	0.05	94	0	0	0	3	0			597.0	1827.0	604.8	1812.6	598.4	1796.1	591.9	1770.4	588.9	1743.6	DH		['B', 'R', 'AH1', 'DH', 'ER0']	4	4	[1523.66854879748, 3790.654943628312],[604.4943608073384, 1814.6860849295233, 3373.6366181223957, 4542.221997967035],[631.8253850801324, 1824.1956460504139, 3322.8415108414906, 4460.629197880709],[582.9826884542309, 1023.3760185342873, 1835.3238286492603, 3193.1348571766166, 3782.996113526104, 4598.977643171859]	[823.8171876765762, 1222.34463787634],[180.8220245508649, 105.63398119555019, 494.78845031401937, 554.483873755612],[223.49324579235196, 85.28940539367133, 420.2498490223911, 662.9487193777267],[227.30673744906252, 1103.5551931603031, 69.95777637864154, 446.4870013965185, 809.5785169551392, 360.5255039911424]	removed	unallowed
AE	1	THAT	791.2	1882.9	2796.8	167.9	204.0	1029.0	8.306	8.259	8.4	0.141	3	1	4	1	3	0			799.3	1982.0	793.1	1877.1	807.4	1886.3	758.0	1854.5	618.3	1751.4	DH	T	['DH', 'AE1', 'T']	1	5	[1372.136607662888, 2557.101113713963],[817.7439384767832, 1928.1483818691472, 3017.0698138126318, 4507.638508033165],[791.2372750860553, 1882.8591414097548, 2796.8325775802386, 3526.2762987292226],[756.1389770708066, 1650.6932062065362, 1942.9953451925603, 2980.7601849049734, 3987.7333706590002]	[1245.1732662101183, 1055.652646085714],[239.02775650587213, 221.34757862793742, 359.52301735879416, 875.7102356789026],[167.8950778484463, 204.04014963385558, 1029.0113507902827, 1562.0287773273144],[144.29576211557017, 935.5126022910866, 436.0033716065247, 284.58821844546225, 843.1721811623398]	removed	unallowed
IY	1	MEANS	319.1	1094.3	2495.0	161.4	215.6	167.1	8.513	8.46	8.62	0.16	11	4	4	2	2	3			318.6	1085.1	318.8	1093.6	313.2	1107.6	332.9	1086.2	351.8	1053.8	M	N	['M', 'IY1', 'N', 'Z']	1	6	[425.29080247385923, 2823.162996211715, 4235.6293565786955],[613.8108393258574, 2764.846528805659, 4072.6295034123323],[578.1033562831668, 1872.5765102801658, 3211.669767595718, 4058.6258225039933],[319.11568915253906, 1094.2602521809154, 2494.9578006956144, 3329.2187143338447, 4181.966670867124]	[647.5040503862471, 843.6376425601073, 713.3563998031276],[935.2028036515425, 548.7991439801482, 576.7780392729468],[778.2947836966379, 655.0071924030689, 558.9892580845477, 535.6546666189823],[161.36829384718195, 215.63052347185038, 167.111680620593, 301.4895214353723, 286.5597430230676]
IH	1	IN	519.7	2396.5	3171.5	223.8	69.4	313.8	9.192	9.175	9.225	0.05	1	4	4	2	0	0			543.9	2382.6	516.0	2395.5	500.7	2378.1	498.0	2346.8	504.4	2314.6		N	['IH1', 'N']	0	4	[2461.6542327948973, 3384.137360298828],[519.7102798206006, 2396.506497520213, 3171.523382786299],[552.8522449591012, 1937.4884684853503, 2595.5330268674834, 3473.2204614255984],[489.14400036978475, 1519.1749266977724, 2407.4201149394094, 3154.9630047980595, 4079.083637720965]	[246.53216049098285, 1392.733261921568],[223.8032924069665, 69.41582473980465, 313.817549954654],[288.58229672978956, 2001.7831146365395, 536.4065491141313, 243.15628253869147],[216.5201019111427, 1088.3315622643072, 38.04738970616432, 139.94413440877753, 844.1608931367323]	removed	unallowed
AY	1	THAILAND	962.0	1738.4	2814.2	50.3	515.1	346.4	9.407	9.365	9.545	0.18	41	5	4	2	3	1		s	957.5	1741.2	909.2	1639.2	831.1	1567.1	795.4	1753.8	722.2	1868.7	T	L	['T', 'AY1', 'L', 'AE2', 'N', 'D']	1	5	[1635.4987640567313, 2981.099516314572],[1424.1029504441, 2529.0357848865174, 3804.2456592134026],[961.9961272007008, 1738.4053958353047, 2814.1989172741664, 3625.0196328972424],[965.1651030945861, 1226.1766780684652, 1870.5802811250926, 2869.309236048615, 3614.0383934927218, 4772.177641451198]	[1571.7130536108016, 2116.1437318594863],[901.3139392070884, 574.1879439517425, 529.2012763356297],[50.332734934153606, 515.1491391441706, 346.42161589942987, 352.5516442746115],[60.30315213438389, 2278.2202171289337, 373.320482688465, 202.4993740696542, 160.8263693252282, 525.916994846781]	removed	unallowed
AE	2	THAILAND	704.4	1974.8	3020.8	455.3	253.2	240.6	9.678	9.615	9.804	0.189	3	4	4	2	7	3			640.6	1941.7	694.5	1977.1	643.9	2036.6	593.3	2053.8	605.7	2025.7	L	N	['T', 'AY1', 'L', 'AE2', 'N', 'D']	3	5	[710.0366842423788, 2692.0791529791495],[572.6570165394635, 1986.4582457774998, 3146.6733636676277, 4277.609818274664],[704.3983673239617, 1974.7739171905519, 3020.7812057760493, 4057.3748083557048],[529.0827956230053, 821.5790874387395, 2036.3553924703065, 3061.0540436793726]	[1684.4702859338147, 1189.0676823787453],[483.35031088746786, 531.5437019776984, 559.2648154841305, 453.1688090857735],[455.2915688095934, 253.17665201490013, 240.63827674159563, 278.46473497825696],[1088.0093129008394, 1011.4007599710728, 238.44783275230293, 206.48764373122415]	removed	unallowed
IY	1	MEANS	343.8	1325.9	2195.9	123.5	478.3	625.3	10.244	10.231	10.27	0.039	11	4	4	2	2	3			343.5	1327.8	343.9	1323.1	341.8	1287.2	334.2	1198.2	331.4	1166.4	M	N	['M', 'IY1', 'N', 'Z']	1	6	[310.31728960819385, 2196.7776495906223, 4482.303175015211],[369.0889107048013, 1898.8344884219894, 2885.6101711713673, 4508.545024989385],[359.6883234859651, 1639.3395107498404, 2524.9740887301614, 3416.6749919472263],[343.75563079296626, 1325.9162054213148, 2195.906594652195, 3004.572845567878, 4032.0495978748404]	[739.2587189008677, 700.9622183596234, 417.1458494162661],[329.18188559566244, 722.0113470509889, 894.3357608489684, 188.6387224717047],[201.22349053879523, 911.7870095751367, 796.2307728093145, 1280.7265427117268],[123.45076518954762, 478.25061395741074, 625.3288416709594, 771.3684973540097, 1477.2580976420295]
AY	1	I	1041.0	1538.8	2953.1	148.4	209.1	382.3	10.807	10.675	11.135	0.46	41	0	0	0	0	0			1001.7	1479.0	996.6	1466.2	964.1	1624.5	781.9	1886.0	538.8	2112.8			['AY1']	0	5	[1262.661866386511, 2400.06060632346],[1096.7103029761083, 1529.4930185061828, 3125.027171181188],[1041.0286436534761, 1538.8394879551095, 2953.0609271034114, 3678.9438620004576],[1012.2170478579911, 1207.0646214943815, 1523.6007387423567, 2972.0754479051534, 3615.3544960063537]	[204.21956032186824, 2849.788772914827],[257.08597402792793, 910.7255269682156, 350.66349736710913],[148.36669096979622, 209.1476488280536, 382.34314694465917, 494.01656327167905],[435.20335422235627, 1070.3947213290317, 349.8906516124426, 287.88066380008166, 305.09030427606126]	removed	unallowed
AH	1	LOVE	563.0	1508.1	3073.7	87.7	170.3	124.4	11.519	11.469	11.62	0.151	6	3	2	2	7	0			562.9	1582.4	561.6	1493.0	544.8	1451.5	531.5	1419.2	515.9	1429.7	L	V	['L', 'AH1', 'V']	1	5	[742.9749608325094, 3299.0658560998877],[575.3393599332454, 1555.2571915466435, 3168.9732399141385, 4339.155398302821],[562.9525694136271, 1508.1197497622668, 3073.691462312445, 4017.7096362387792],[544.5494429737304, 1099.7506775429, 1569.6991735589081, 3049.741974659399, 3838.1414634459084, 4583.549230869906]	[593.8919187554749, 930.894631699436],[179.40422507525537, 421.3745863573911, 193.8736842725822, 357.5434163785396],[87.67145853272588, 170.32309860153939, 124.35522549631538, 335.84355155020086],[87.27275762843573, 952.2958516902369, 184.39868699840193, 57.77063148607677, 218.40054387884655, 340.60756026118054]	removed	unallowed
UW	1	YOU	261.7	1828.0	2345.0	68.4	150.4	402.3	12.226	12.209	12.259	0.05	82	0	0	0	9	0			266.2	1830.0	260.9	1825.0	253.7	1792.4	244.5	1761.4	238.8	1757.3	Y		['Y', 'UW1']	1	5	[2029.0043869617991, 4097.826823184956],[243.58931287969455, 1951.8414388591686, 3003.3492284230238, 4186.230639317973],[261.744918309463, 1827.9638644268396, 2345.028102155169, 3688.9852990042455, 4267.632593947282],[258.9388355014619, 1670.218961673814, 1887.960542416039, 2505.374929146048, 3793.7672153780622, 4342.933596559804]	[258.01010559580317, 378.974191900165],[307.9430390394437, 152.7229891473682, 1031.751179944912, 263.75868157332866],[68.37394416398732, 150.41304884115272, 402.2876569583595, 764.1711877911944, 304.954011586238],[56.9412795471105, 1119.7155536177922, 460.7284840500774, 428.1442161971429, 335.02647876094505, 187.26807679626995]
EH	0	HELLO	701.5	1707.3	3108.8	314.5	130.6	300.8	14.006	13.879	14.259	0.38	2	5	4	2	0	1			685.1	1740.0	703.2	1707.7	686.4	1627.6	749.0	1689.3	733.2	1311.6	HH	L	['HH', 'EH0', 'L', 'OW1']	1	5	[1486.3014293589536, 3580.0711727495654],[645.7066881797988, 1715.9582677397511, 3446.388653558398],[701.50877599026, 1707.2705400868979, 3108.768514821374, 3943.5502377147022],[766.9783008095635, 1709.8795934701966, 3014.505549898257, 3827.1948051701947]	[590.3014698387743, 850.2335544122477],[427.90264665657696, 293.50125032995294, 459.5274566721332],[314.4769734860477, 130.56947629723558, 300.8410533602044, 260.70177618952255],[238.49322053357722, 73.93675340688283, 203.06605687905292, 212.32621525766578]	removed	unallowed
OW	1	HELLO	804.9	1363.1	2775.9	265.7	405.3	155.2	14.326	14.288	14.858	0.57	63	0	0	0	7	0			513.4	1146.6	359.6	1042.3	326.5	1057.1	317.8	1094.6	274.7	1058.4	L		['HH', 'EH0', 'L', 'OW1']	3	6	[682.094956144917, 3583.0347084682835],[921.7057257109888, 2201.121639140063, 3619.055211262095],[619.9361911374998, 1238.3701453718384, 2861.610928673083, 3721.2805554234806],[804.9057553793589, 1363.1059581716545, 2775.8782506389293, 3729.376128210276, 4511.34447245033]	[702.0372816235339, 1245.8487574531532],[1269.0885078861957, 877.0243917575768, 901.6371801100519],[382.78620012020576, 391.8678975573641, 556.7905370396089, 832.8485210554155],[265.67832228305895, 405.29817892093337, 155.2208366725135, 617.7315193459356, 242.92589948959355]	removed	unallowed
